-2.735447
-0.047043
0.089906
-0.045416
-0.085669
0.117843
-0.022683
0.093332
0.026873
-0.112746
-0.113226
-0.054610
-0.038707
-0.072249
-0.066836
0.054115
-0.080442
-0.004514
0.008352
0.071000
-0.049959
-0.090229
0.078764
-0.033848
0.119963
-0.004646
-0.005697
0.045368
0.024305
-0.062955
-0.065093
-0.102741
-0.103410
0.024734
-0.412477
-0.524193
0.098177
-0.042351
-0.044274
0.037755
0.097025
0.110003
0.055305
0.076148
0.062870
-0.149527
-0.046623
0.008843
-0.032051
0.022508
-0.078718
-0.022801
0.020413
0.253872
-0.217311
-0.488874
0.350715
0.284030
0.300033
0.130077
0.038013
0.021440
-0.006574
0.017140
-0.291412
-0.335583
-0.477216
-0.160429
0.057440
0.082986
0.285985
0.092406
-0.106093
0.342680
0.686988
1.249391
0.166829
0.942155
0.683457
0.021925
0.007572
-0.028044
-0.058874
-0.093161
-0.067026
0.123813
-0.422522
-0.550241
-0.716567
-0.157646
1.083604
1.422807
0.613871
0.129890
0.062374
2.296832
0.117635
0.594299
0.519675
-0.272597
0.059432
-0.099327
0.109565
0.012054
0.193523
0.028667
-0.264386
-0.970638
-1.686587
-0.496136
0.654686
1.879304
1.843954
0.634876
0.160994
-0.111373
-1.087799
-1.107258
0.091768
-0.441407
-0.114300
0.018532
0.143133
0.342483
0.213612
-0.638135
-0.561486
-0.750501
-0.459862
-0.271358
0.258840
-0.676903
-0.127890
1.849776
0.408471
-1.310306
-0.598723
-0.964282
-1.420284
-0.366879
0.084175
0.056682
-0.035956
0.008766
0.778529
0.244790
0.411962
0.581810
-1.179626
-0.138346
0.736538
1.132158
-0.162468
0.810380
-0.759618
-0.922022
0.294648
0.266009
-0.671778
-0.247763
-0.151315
0.052609
0.279814
-0.340551
-0.189166
-1.707953
-0.673715
-1.503093
-1.883940
-0.433716
-0.305070
1.036615
0.665382
0.259878
0.395233
0.425127
-0.270311
0.341024
0.157257
-0.543318
-0.318412
0.053264
0.261869
-0.107675
-0.072313
-0.709294
0.666265
-0.320813
-1.426288
1.100971
-0.356966
-0.363079
-0.665539
-0.665195
-0.621119
0.615792
-0.815054
1.155611
0.712392
-1.235457
-0.290861
-0.001856
-0.018098
0.846163
1.483149
1.461852
-0.017702
-1.307705
-0.819017
0.110457
-0.029461
-1.397644
-1.754198
-0.607031
-1.040125
0.304632
0.512482
-0.343426
-0.142543
-1.020299
0.023556
0.081542
-0.148721
0.025711
1.602353
1.904127
0.672257
0.755309
0.082070
-1.196960
-0.276415
-0.865319
0.546168
0.347145
0.085198
0.095166
-0.295162
-0.608413
-0.222534
-0.488155
0.053418
0.161649
-0.515695
0.213213
0.534264
-0.018045
1.540026
1.339395
2.054457
-0.238786
-0.599106
-1.247487
-0.244594
-0.350446
-0.018298
0.471834
-1.111122
0.921533
0.223904
-0.177026
0.016708
0.091476
-0.510527
-0.701372
0.335781
0.779885
1.016229
1.099099
1.273282
0.207500
-0.199594
-0.606137
0.391367
0.480058
0.999473
0.080550
-1.563795
-0.454878
0.559137
0.511024
0.019027
-0.142260
-0.324186
-1.077166
-1.114680
0.632602
-0.747992
-0.115571
-0.034605
0.922960
-0.090140
-0.488002
-0.991020
-0.344642
0.557292
-0.455903
-0.175832
-0.193269
-0.086985
0.425763
-0.046656
0.070785
-0.005117
-0.647558
-0.589156
0.472347
-0.539887
0.208358
1.295396
1.347666
-0.358665
-0.694270
-0.884042
0.480193
0.882260
0.261952
0.994661
-0.418193
-0.453077
-0.088019
0.122141
0.012010
0.083272
-0.301051
-0.434568
0.068754
0.354753
0.014098
1.838137
1.364928
1.080544
0.365217
0.020561
0.131641
-0.806965
-0.888235
-0.515306
-0.969641
0.004542
-0.019947
-0.109878
-0.099463
0.088203
-0.048786
-0.170941
-1.009520
-1.425153
-1.819497
0.204564
0.673954
0.257591
-0.012229
0.483499
0.175319
-0.340712
-0.866459
-0.987588
-0.418299
-0.007775
0.051683
-0.021091
-0.112188
-0.015273
-0.113118
-0.232911
-0.417187
-1.112604
-1.273060
-0.895446
-0.176251
0.094524
-0.083759
0.251034
-0.171969
-0.000535
0.063594
0.091885
0.025279
-0.078315
-0.010566
-0.073768
-0.011000
0.102273
0.067584
0.085955
-0.221490
-0.044823
-0.124692
0.111183
-0.109426
0.116289
0.129231
0.092309
-0.058160
-0.017987
0.008876
0.008377
-0.114739
0.066057
-0.062573
-0.113823
-0.185157
-0.072417
-0.091676
0.040272
0.063258
-0.044373
-0.033253
0.049732
0.115543
0.117226
-0.045889
0.049346
0.002453
0.004404
-0.087909
-0.087133
-0.037839
0.037267
-0.016268
-0.008497
0.032360
-0.026062
-0.107715
-0.002492
0.064721
0.011687
-0.038318
0.015289
-0.464203
-0.168484
0.023498
-0.046241
-0.049426
0.025600
-0.042514
0.034967
0.028959
-0.011085
-0.083808
0.036513
0.097407
-0.116279
0.032810
0.126607
-0.040699
0.065910
-0.015962
-0.064856
-0.537240
-0.316385
0.090653
0.242520
0.046828
-0.347077
-0.162835
0.107936
0.249677
0.159681
0.037287
-0.037921
-0.064162
0.105284
0.066356
0.023902
-0.150260
0.418325
0.449541
0.183010
0.103839
0.503918
0.970099
1.042771
-0.486490
-1.349374
-0.196414
0.323025
0.602105
0.406632
0.293983
0.048090
-0.054687
-0.020194
0.040985
-0.158775
-0.616844
-0.095690
-0.410962
-0.953018
-1.254521
-0.878343
-0.062060
0.825288
-0.939869
-0.063907
2.391794
0.292731
-0.403159
-0.598792
-0.541345
-0.390117
-0.121002
-0.005165
0.029218
-0.037654
-0.158128
-0.116355
0.021745
0.329366
-0.535157
-1.019663
0.296600
1.219136
0.753828
0.762829
1.359304
0.404442
-0.306435
-0.824268
-1.413146
-1.051099
-0.353249
-0.125157
-0.112125
-0.008333
0.336158
0.035883
-0.316677
-0.639558
-0.650449
-0.742361
0.855446
1.663671
0.748458
0.130140
1.022091
-0.466826
-0.670731
-0.266882
-0.762501
-0.732088
-0.234501
0.049229
-0.438576
-0.176139
0.535321
0.403445
-0.538290
-0.300745
-1.183674
-0.264576
0.568839
-0.344539
0.192449
-0.409380
0.639458
-0.215820
0.137809
0.321833
-0.929014
-1.286237
-0.137294
0.050264
-0.091637
0.457942
0.967289
-1.040614
-0.283521
-0.147303
0.636176
-0.030438
1.416192
3.219485
1.194738
-0.192189
-0.335088
-0.241914
-0.384530
0.074032
-0.915382
-1.195843
0.046578
0.010762
-0.108484
-0.081896
0.993590
-1.057891
-1.516144
-1.198975
-0.575756
-1.562856
0.468574
1.032578
0.249650
-0.058818
1.047139
-1.176837
-0.831211
-0.867811
-0.369296
-1.294136
-0.225626
0.036194
-1.065387
-1.569226
0.814483
-0.716499
-1.169774
-1.603643
-0.919543
-1.058499
-1.748742
-0.894840
1.182331
0.283797
1.177411
-0.803014
0.002653
-0.454995
0.265928
-1.343672
-0.586168
-0.167340
-0.787365
-1.693563
-0.539943
-1.342513
-0.349190
-0.580364
0.921987
0.609879
0.296553
0.390346
0.499184
1.458710
0.594455
-1.685855
-0.861640
-0.193986
-0.037437
-0.614153
-0.163172
-0.061926
-1.006233
-0.956077
0.754881
-1.270635
-1.231525
-0.103995
0.737667
-0.897004
0.013184
0.282249
0.208504
0.869600
-0.189284
0.102810
-0.623690
-0.215264
-0.480763
-1.194364
-0.338704
0.082140
-0.944350
-1.195396
-0.160363
0.160791
-0.564593
0.610949
0.553547
-0.952580
0.225920
0.860665
1.334292
0.441856
-0.230068
-0.622446
-0.569907
-0.274958
-0.699620
-0.777834
-0.177506
-0.135091
-0.623197
-0.324617
0.337029
0.839719
-0.980421
-0.065766
-0.049684
-0.958344
0.746595
-0.336391
-0.433826
-0.226487
-0.173339
-0.254480
0.138171
-0.390298
-0.289555
-0.113710
0.062768
-0.069388
-0.178926
0.090087
0.137000
0.849826
0.031756
0.246914
0.744605
-0.947794
-0.876904
-0.377570
-0.355192
-0.044649
-0.821682
-0.787510
0.110574
-0.259773
-0.790862
-0.120969
-0.010888
0.098472
0.069773
0.280178
-0.182747
0.600161
1.133773
-0.305175
-1.577250
-2.019863
-0.926278
0.387393
-0.072991
0.556159
-0.298882
-0.666725
0.738168
0.577202
-0.354385
0.043640
-0.129419
0.011758
-0.083784
0.451920
0.644954
0.423114
1.167579
0.869599
-0.517232
-0.819972
0.307802
-0.232030
-0.520457
0.181747
0.404331
-0.195370
0.281922
0.255232
0.102354
0.166710
0.092633
-0.060068
0.019425
0.090306
0.025073
0.199211
0.462811
0.568045
0.310743
0.332105
-0.024966
0.006885
0.269567
0.304942
0.146410
0.135001
-0.040747
0.047213
0.069857
-0.058067
-0.036626
0.000267
-0.004144
-0.038974
-0.030861
-0.087140
-0.216909
0.001251
-0.051374
-0.038116
-0.088997
0.132852
0.083031
0.111000
-0.061343
0.029725
0.107283
-0.004657
-0.109810
-0.114520
-0.092648
-1.196259
-0.020572
-0.033890
-0.035732
-0.100973
0.073221
0.101424
0.104251
-0.041342
-0.110576
-0.041701
-0.074062
-0.049978
0.033654
-0.099254
0.120726
-0.085838
0.104242
-0.035381
-0.090907
-0.000065
-0.089686
0.057160
-0.107546
-0.050668
-0.060804
-0.093376
-0.025498
0.056385
-0.042352
0.031132
0.033327
-0.141211
-0.032152
-0.021731
-0.043919
-0.083940
-0.096890
-0.057535
0.018994
-0.051555
-0.082626
0.061343
-0.103292
0.091714
0.091242
0.035499
0.085225
0.102928
-0.087867
0.014484
0.173584
0.263811
-0.170792
-1.056571
-0.645443
-0.048044
-0.213344
-0.456003
0.038506
0.113282
-0.061538
-0.018349
-0.102897
0.073213
0.270365
0.384430
0.440556
0.373333
0.134707
0.595365
0.680612
0.321884
0.195608
-0.528430
-1.402815
-0.287713
-0.364190
-0.898891
0.050419
0.109999
0.080377
-0.063023
0.004030
0.107904
0.171181
0.571696
-0.258392
0.083601
0.994893
0.940907
0.060262
0.285506
-0.366219
-0.521843
-0.270673
-0.573645
-0.341449
-0.653232
0.460633
-0.076909
-0.070418
-0.059291
0.102174
-0.135203
0.019415
-0.311373
-0.382481
0.264332
-0.134186
-0.631954
0.310437
2.105520
0.226060
-0.684005
0.262871
-0.201209
-0.399347
-0.173712
0.995959
0.149457
0.106823
0.054282
0.058524
-0.974679
-0.691749
-1.403062
-0.199086
0.509296
0.880871
0.549432
-0.498829
2.239535
2.125430
0.001294
-1.260114
-0.986684
1.286536
0.085592
1.046548
0.297616
-0.013689
0.118428
-0.535939
-1.055586
-0.894334
0.407631
0.058109
0.345868
0.960055
0.799777
-0.296473
0.411617
0.325828
-0.096520
1.218863
-0.961952
-0.710328
-0.499813
0.602373
0.042901
0.017837
-0.178185
-0.530211
0.278635
-0.150289
-0.799865
0.029984
0.702220
0.059764
0.863369
-0.605915
-1.019149
-1.591220
-1.267183
1.130471
0.848794
-1.010983
-0.485784
1.472298
0.150575
-0.017566
-0.118068
-1.416711
-0.134412
-0.139364
-1.013807
-0.708746
-0.960147
-0.931174
-0.502618
-0.019820
-2.460064
-0.804977
-1.048233
-0.424324
0.398067
0.132226
-1.451005
0.734052
0.190511
-0.043885
-0.157311
-1.699680
-0.188154
0.171157
-0.193413
-0.035481
-1.132563
-1.165822
-2.014351
-1.992094
-2.143359
1.097819
-1.092268
-0.605146
-0.523860
0.972964
-1.141872
0.941991
0.156982
-0.107314
-0.165285
-1.804445
0.030170
0.510928
0.438618
0.736954
0.256996
-0.843682
-0.847949
-0.830497
1.358407
0.122692
-0.399496
0.564585
-0.083865
0.414965
-0.179352
0.199483
-0.195992
-0.168305
-0.119767
-0.500137
0.053051
-0.551339
1.739943
0.514224
0.998992
1.125305
1.745312
1.221092
1.675873
0.429670
-0.094428
-1.727255
-0.220640
-0.458257
0.017285
0.136414
0.146306
-0.127793
0.269786
0.346555
-0.631683
-0.771184
-1.049283
-0.412851
0.723501
0.555230
0.230008
0.194822
-0.001149
1.108894
0.071194
-0.307090
0.098907
0.336435
-0.479873
0.059635
0.409902
0.132489
0.071080
0.738997
0.806930
1.021393
0.046168
-0.070137
0.794268
1.020361
-0.359729
1.153820
0.075353
0.771202
0.176065
-0.759405
-0.121958
0.038495
0.092695
0.265738
0.078791
0.115614
0.120141
0.156018
0.598004
0.294884
-0.086352
-0.129498
0.520232
1.240784
-0.252561
0.924847
-0.041711
-0.501972
-1.132944
-0.913494
-0.665369
-0.529346
0.056225
0.261461
0.035018
0.075325
0.028251
-0.279753
0.376262
-0.328566
-0.685130
0.159229
-0.315918
-0.528245
1.562332
2.878788
1.760115
-0.014374
-1.187438
-1.147446
-1.039686
-0.441613
0.167252
0.050474
0.130998
0.079405
-0.024351
-0.326794
0.226686
-0.218087
-0.426716
-0.372538
-0.338185
-0.579075
0.255512
-0.591036
-0.667622
-0.994016
-0.964658
-0.644425
-0.370313
-0.238390
-0.091937
0.023513
-0.123520
0.027534
-0.045326
-0.063078
0.023481
-0.600256
-0.555270
-0.150585
-0.158618
-0.216481
-0.453723
-0.193229
-0.355698
-0.159092
-0.060575
-0.048653
0.052969
0.077078
-0.045069
-0.043558
0.089677
0.016974
-0.119822
-0.039732
-0.008229
-0.311074
-0.122012
-0.063708
-0.103619
0.014192
-0.036370
0.083841
0.056534
0.104058
-0.089745
0.093615
0.060423
-0.033651
-0.107779
0.039247
-0.097666
0.839775
-0.076012
0.060383
-0.082895
0.072736
-0.011156
0.074408
0.111989
0.095346
-0.092656
-0.039823
0.081213
-0.091646
0.108584
0.099480
-0.030925
-0.110344
-0.028493
0.084997
0.016255
0.085715
-0.023571
0.027955
0.014425
0.031367
0.080261
0.103010
-0.014809
-0.504486
-0.127156
-0.041801
-0.062062
-0.008366
-0.027483
-0.147936
-0.114696
0.074014
-0.071392
-0.059369
-0.074045
-0.019478
0.012948
0.084076
0.112028
0.037279
0.056032
0.367954
-0.306348
-1.243927
-1.351455
-0.059791
0.563449
0.189574
0.146067
0.384610
0.442208
-0.045132
0.050929
-0.094104
0.031870
-0.018261
-0.002382
-0.036991
-0.054223
-0.223108
-0.180633
-0.479171
-0.464008
-1.141240
-0.652512
0.091948
0.302312
0.438971
0.199920
1.127522
1.013770
0.325274
0.449680
0.531525
0.048360
-0.082069
0.035289
0.055962
-0.021963
-0.634597
-0.713710
-1.346041
-0.623546
0.043286
0.740831
0.186194
0.229949
1.366482
0.906569
1.545788
1.403753
-0.240949
-0.236610
0.685177
0.156724
0.014501
-0.021590
-0.102768
0.046596
0.211888
-0.231900
-0.843591
-1.173969
-0.614204
-0.864923
0.649653
1.200354
1.384888
0.683652
1.988678
1.960792
-0.556813
-1.680883
0.130684
-0.467061
-0.303184
0.022884
-0.145372
0.161634
0.430684
-0.299999
-0.304628
-0.798226
-0.591909
-0.991658
0.117860
1.118138
1.576089
0.803578
1.692865
0.615529
0.169769
0.160367
0.320214
-0.845780
-0.288770
-0.003353
-0.300807
-0.258312
-0.396471
-0.527400
-0.647046
0.247936
0.514910
0.168329
1.811263
2.061279
1.040698
-0.037462
-0.910697
-1.140678
0.838030
0.668959
0.974031
-0.051572
-0.376672
-0.133377
-0.274442
-0.532065
-0.421375
0.422174
-1.149848
-0.905156
-0.562512
0.283093
1.922499
1.816326
-0.332560
-0.774537
-0.185712
-1.912361
0.497958
-0.416425
0.991809
0.108823
-0.301447
-0.109557
0.032130
-0.388568
-0.167818
1.127541
0.167367
-0.000253
-0.653733
1.077973
1.597582
0.858945
-0.335104
0.262929
-0.443388
-2.509042
0.783581
-0.098000
1.265259
-0.170182
-0.670875
-0.028764
-0.264772
0.062298
-0.650540
0.628242
0.415323
-2.214786
-0.180288
0.958660
1.440378
-0.379696
-1.208209
-0.975286
-1.901535
-1.635951
-0.070294
-0.171167
0.139669
-0.038526
0.107719
-0.243955
0.096968
0.378942
-1.054083
-0.466484
0.505493
0.091579
-0.637705
-0.847729
1.136831
1.223262
1.365272
0.853147
0.023136
-0.116381
-0.869194
-1.274563
0.404142
-0.062354
0.330588
0.020633
-0.030452
0.467152
0.081779
0.113889
1.746881
1.025828
-1.709942
-0.931380
0.867874
-0.584150
-0.697031
0.180666
0.148927
0.461032
1.323463
-0.183619
-0.277730
-0.559145
-0.391638
0.021309
-0.066535
0.137169
0.529433
0.745625
-0.326665
-0.258490
-0.349046
-0.201420
0.855328
-0.444741
0.110013
0.619902
-0.077811
-0.426300
-0.245915
0.410467
-0.152400
-1.348865
-0.289277
0.093136
-0.088091
-0.077950
0.761312
1.098143
0.346622
-0.015816
-0.637065
-0.387693
-0.083413
-0.255026
-0.345750
0.957498
1.397425
0.937134
-0.548663
-0.343957
0.632393
0.096043
-0.120796
-0.090357
0.013937
0.075880
0.338086
0.671335
0.430556
-0.004120
-0.902049
-0.379269
0.191371
0.041516
-0.402244
-0.018730
1.117489
0.962791
-0.427914
-0.022460
0.755675
0.439865
-0.003528
0.045040
-0.044245
0.197965
0.194330
0.557965
0.536969
0.577670
0.893141
0.335355
-0.840666
-1.358503
-0.670277
0.798921
0.783302
0.583518
0.331797
0.258300
0.171298
0.079229
0.077652
-0.033857
0.065487
0.005354
0.046696
0.669279
1.110421
1.100782
0.278372
-0.359630
-1.033004
-0.540778
0.512216
0.817303
0.159559
-0.202649
-0.754236
-0.265463
0.120153
-0.013483
0.104140
-0.058547
-0.023090
-0.117647
-0.003667
0.159658
0.612508
0.665124
0.301655
0.025146
-0.187463
0.097944
0.075933
0.119588
-0.071598
-0.280141
-0.575064
-0.226844
0.009128
-0.001523
-0.053052
-0.089794
0.004467
-0.064235
0.074513
-0.053559
0.016587
0.088969
0.058107
-0.100787
-0.088411
-0.050623
-0.029404
-0.086876
-0.135943
0.052868
0.001692
-0.096302
0.049884
-0.102352
0.039998
0.565521
-0.113800
-0.064947
0.072359
-0.003196
0.092496
0.035815
0.001061
-0.012046
-0.008455
-0.035362
-0.102594
-0.032731
0.116470
0.071656
0.062564
-0.078465
-0.050828
-0.093435
-0.103694
0.068194
0.030016
0.057988
-0.092353
-0.088020
-0.068214
0.041623
0.074142
0.010366
0.056549
-0.096060
-0.034704
0.111978
0.085033
0.035397
0.002479
0.105353
-0.089211
0.063672
0.117566
0.007098
-0.024616
-0.086805
-0.106299
0.084100
-0.038804
-0.007064
0.091497
-0.105735
0.012076
-0.060978
0.025939
0.032782
0.002911
0.141429
0.028880
0.117211
0.218178
0.043511
0.059265
-0.013400
0.112882
-0.089761
-0.064277
-0.030612
-0.033482
0.080525
0.055890
0.048555
0.056472
0.219005
-0.029731
-0.100790
-0.324118
0.121541
0.991117
0.710665
0.262217
-0.232000
-0.069707
-0.108711
0.046133
-0.098339
-0.058829
0.049910
0.247730
0.439593
0.600518
0.570287
0.523938
0.306591
-0.283971
-0.248617
-0.449575
-0.769971
0.761083
0.597961
-0.535474
-0.733768
-0.189564
0.019791
0.014725
-0.083907
0.017413
0.152185
0.814385
0.758007
1.147637
1.027976
0.643166
-0.127597
0.985730
1.325795
0.361908
-0.922903
-0.398177
0.311075
-0.801534
0.480879
-0.024399
0.028167
-0.091567
-0.051100
0.147099
0.431382
0.631273
0.032480
-0.245218
0.326625
0.188790
0.189573
0.222258
1.130207
1.675026
0.429691
0.011512
0.869347
0.226832
1.602462
0.486537
-0.277321
0.069550
-0.059138
0.081875
0.471648
0.505231
0.292425
-0.191148
0.202917
-0.504384
0.152061
-1.303590
-0.631357
1.255110
-0.286777
-0.652512
0.387181
-0.160447
1.094985
0.818204
-0.064718
0.092275
-0.025177
0.206000
0.821771
0.033338
0.040824
-0.045216
0.297052
0.174876
0.350722
-0.469382
0.286765
-0.062553
-0.460295
-0.088693
-0.403534
-0.068015
0.706763
0.124678
-0.028743
0.097206
-0.023298
0.377191
1.467013
0.540140
-1.059682
0.065511
-0.644320
-0.521673
-0.411392
-0.096015
0.475495
-0.323173
-0.345480
-0.973408
0.867145
0.163670
1.241324
0.191219
0.071482
0.061386
0.050643
0.647697
0.490310
0.301394
-0.480456
-0.350893
-2.293024
-0.479468
0.796979
-0.179182
-0.197717
0.123783
-0.696438
0.490847
-0.102798
-0.623228
0.924375
-0.688566
0.031262
0.003818
-0.014965
0.034910
-0.070036
-0.155946
-0.844707
0.313620
-1.118853
-0.073256
0.330995
-1.388813
0.034394
0.597936
0.883369
0.724042
0.289752
1.191442
1.450946
0.822217
0.213820
-0.106375
-0.069905
0.150470
2.750528
1.189665
-1.913844
0.042904
0.850038
-0.336952
0.608179
-1.074056
-0.543146
0.278645
0.923255
0.628051
1.157404
-0.160261
0.014343
-0.197760
0.011649
0.096163
-0.085655
0.120598
1.025435
0.538883
-0.879455
-0.524798
-0.212690
0.682118
2.013700
0.054657
0.074754
1.212663
0.995645
0.486315
0.605688
0.049640
-0.207727
0.064831
-0.062153
-0.051717
0.067376
-0.140494
-0.134207
0.421093
0.121518
0.767060
-0.090166
0.699086
1.310917
0.651497
0.897784
0.926219
0.156941
0.300771
0.334101
0.005107
0.334034
0.108693
-0.055647
-0.035631
0.015512
0.125225
-0.328880
-0.880336
-0.025300
0.800535
-0.443789
0.512846
1.075253
0.765278
0.664221
0.603353
0.308329
0.389068
0.220380
0.072656
0.176414
-0.017618
0.086197
0.088600
-0.046875
0.166799
-0.288502
-0.734405
-0.106926
0.870735
0.662583
0.845055
0.842818
0.335389
0.812368
0.789003
0.405046
0.374820
0.309771
0.069279
0.118916
0.093143
-0.038919
-0.025410
0.071049
-0.033391
0.224977
-0.377312
-0.307686
0.273167
0.065281
0.022166
0.153843
0.133119
0.509358
0.427179
0.247181
0.118267
0.029170
-0.002377
-0.043524
-0.013902
0.106997
0.006015
-0.026320
0.067109
-0.044675
-0.017325
-0.444698
-0.162091
-0.562781
-0.375711
0.085708
0.056949
0.032891
0.219013
0.167393
-0.031858
0.095680
0.077661
0.069762
-0.070293
-0.079586
0.054485
0.092951
0.010585
0.065690
0.060678
0.092636
-0.062269
0.025464
-0.106491
-0.020223
-0.120056
0.050998
-0.041628
-0.136632
0.002433
-0.056469
0.037528
-0.119712
-0.054317
0.038031
0.434087
-0.081723
0.015574
0.101706
0.113772
0.039124
-0.092770
-0.089806
-0.133118
0.056393
0.123934
0.073820
0.090214
-0.051442
0.109389
0.090832
0.020499
-0.040789
-0.041621
0.030495
0.000512
0.093307
-0.027575
-0.005246
0.093153
-0.012410
-0.089323
-0.141002
-0.027952
0.111617
-0.088599
0.002973
-0.032605
0.082331
0.017437
-0.083725
-0.107914
0.017290
0.075971
-0.088016
0.047970
0.029859
-0.008807
0.070449
-0.007596
-0.127068
-0.331480
-0.099777
-0.287335
-0.195675
0.099558
0.115939
0.248899
0.195564
0.076330
0.227379
0.067326
-0.093570
-0.029519
0.011225
0.064180
-0.036823
-0.085807
0.000653
-0.134956
-0.399397
-0.565599
-0.587586
-0.752153
-0.174947
0.153173
0.093131
0.391235
0.375430
0.372564
0.147538
-0.009862
-0.284485
-0.514532
0.154956
-0.016954
-0.019254
0.112311
0.004243
-0.015414
-0.239819
-1.138242
-1.246109
-0.817916
0.265079
0.392354
0.110065
0.557992
0.850249
-0.251294
-0.790177
0.448842
-0.328544
-0.963172
0.012601
0.017176
0.035971
-0.029337
0.040028
0.560139
-0.329550
-0.909712
-1.195392
-0.835027
-0.202654
0.199348
0.397615
0.826314
0.307649
-0.512437
-0.688650
0.714499
0.251506
-1.535109
-0.336343
-0.004095
-0.011745
-0.071386
0.268825
0.527661
-0.074330
-0.495721
-1.187059
-1.562901
-1.013383
-0.063954
0.429701
0.527148
0.425224
0.030652
-0.777026
-1.332029
-0.890059
-0.268255
0.064206
-0.010076
0.109963
-0.063656
0.551462
0.208762
-0.798459
-0.975981
-1.802387
-1.796309
-0.483395
0.558593
-0.017295
0.905363
0.184478
1.199208
0.310029
-0.496016
-2.120920
0.889865
0.089411
0.021461
-0.042686
-0.046213
0.514386
0.157885
-1.396373
-1.253751
-0.774255
0.241008
-0.258346
-0.876039
-0.347672
1.422815
0.838898
0.236023
0.804575
0.302558
-1.699603
-0.931554
-1.027451
-0.095898
-0.098260
0.176081
0.411292
0.190720
-0.814535
-1.653768
0.448000
-0.170278
-0.593546
0.852409
-0.018829
1.833392
3.080566
1.522516
0.315299
-0.793014
-1.859630
-1.139891
-0.692367
-0.068594
-0.069631
0.347327
0.029226
-0.845664
-0.745378
-0.693392
0.041898
-0.419486
0.353068
1.162709
1.027605
2.051128
1.180315
1.413156
1.455207
-0.660433
-2.172919
-1.198393
-0.514836
-0.055388
0.014172
0.210760
1.072835
0.311783
-1.258915
-0.301657
-0.050740
-0.588952
0.727247
-0.598584
0.667789
0.121776
-0.072088
0.244946
0.932190
-1.542186
-1.947413
-1.074867
-0.569019
-0.012044
-0.101988
0.170497
0.696405
0.220499
-1.788858
-1.292072
-0.839938
-1.636646
-0.246738
0.773284
1.197201
0.653632
0.036411
-0.204790
0.360277
-0.059273
0.514492
0.338115
-0.179942
-0.111384
0.016856
0.078370
0.634724
0.249990
0.144687
-0.408492
-0.910147
-1.934982
-1.428205
0.397587
-0.109195
-1.257982
-0.900990
0.250640
2.062923
1.538785
0.222262
-0.424699
-0.221374
-0.039121
0.004109
0.012023
0.806711
0.779048
-0.115340
0.010598
-1.358052
-1.989187
-1.512420
0.646173
-0.041259
-0.972077
0.228343
0.251795
0.651479
0.588113
0.484315
-0.533422
-0.179390
0.095353
0.073369
-0.095032
-0.076427
0.276976
0.478037
0.274381
-1.274268
-1.405539
-1.183177
-0.215417
-0.449427
0.000459
0.119229
-0.483501
-0.213753
-0.041939
-0.095503
-0.429328
-0.109691
0.078544
-0.079776
-0.079377
-0.025444
0.096813
0.102797
-0.295924
-1.376206
-1.364936
-0.884287
-0.397924
0.093548
0.287077
0.364153
0.021962
0.341824
0.027686
-0.014516
-0.154415
0.161259
-0.002910
-0.010075
-0.096577
0.009044
0.037206
-0.116498
-0.453349
-1.082192
-0.248679
0.153193
0.585307
0.289156
-0.011811
0.465051
0.642970
0.374483
0.025189
0.117483
-0.014921
0.116614
0.086206
0.067060
0.104172
-0.047791
0.030421
-0.133179
0.003519
-0.334842
0.264365
0.280238
0.112978
0.022487
0.062232
0.258006
0.119341
0.051135
0.023994
-0.039505
0.020738
0.048706
0.063028
-0.070158
-0.073164
0.082766
-0.028892
-0.148141
-0.125826
0.027168
0.125586
0.087564
0.103483
0.079326
-0.013854
0.173358
0.324656
0.014664
0.057469
0.008828
0.072261
0.015193
-0.005789
-2.034641
-0.108350
0.056064
0.112989
-0.073402
0.118361
0.032161
0.116789
0.092377
0.064673
-0.083876
0.060717
-0.082940
-0.107236
-0.078498
-0.101756
0.094642
0.018305
0.083748
-0.091436
-0.099613
-0.056480
0.053385
0.068816
0.111513
0.023051
0.090858
-0.134833
-0.563165
-0.196622
-0.164911
0.054625
-0.042117
-0.144858
-0.217158
-0.094067
0.054439
0.102605
-0.062748
0.080597
-0.075778
0.091335
-0.103635
-0.114051
-0.001270
-0.009809
0.222731
0.279713
-1.032700
-0.837354
-0.026239
-0.052433
0.144665
-0.080522
-0.311888
-0.232200
-0.179607
-0.044896
0.032457
-0.064730
-0.112020
-0.024347
0.026247
0.041520
0.017525
0.140233
0.394816
0.678412
-0.074325
0.039942
0.919881
-0.511994
-0.741431
0.001287
0.256712
0.500349
-0.228719
-0.479118
-0.217304
-0.102355
-0.085844
-0.055084
-0.046937
0.021410
0.407187
0.336867
-0.448984
0.398843
-0.796450
-1.023381
-0.341277
-1.339720
-1.087820
1.364259
0.318002
0.885477
0.581969
-0.415382
-0.500606
-0.302686
0.053415
0.069799
-0.078613
0.060072
0.296189
-0.391192
0.558941
0.027185
-0.963117
-1.038017
0.442717
1.584028
0.421733
1.685963
0.367943
-1.864748
0.883199
0.566723
-0.699270
-1.079233
-0.359144
-0.036926
0.000027
0.402708
-0.242048
-0.500922
0.455284
-0.035497
-0.410924
0.303396
-0.708669
-0.309232
0.612493
1.207662
1.687091
-0.016401
-0.237343
-0.220597
-1.015301
-1.052079
-0.043984
-0.052301
-0.085864
0.474095
0.047932
-0.346105
-0.651703
0.871201
-0.850128
-0.511233
-1.437178
-0.480810
0.206596
0.333904
2.022084
-0.031193
-1.127685
-1.682397
-1.362213
-0.824447
-0.061060
0.047150
0.089525
0.418899
-0.800671
-0.367500
-0.078520
0.130662
-0.902317
-0.951725
1.143376
2.204133
1.497546
0.204450
2.343890
0.408754
-2.134506
-1.025528
-0.283430
-0.449452
0.052409
-0.040036
0.146216
-0.091153
-0.730711
-0.026916
-1.281036
-0.100027
0.746860
1.645697
0.878115
-0.153759
1.420351
1.909346
2.319462
-0.344279
0.373302
0.910106
0.627190
-0.285749
0.029025
0.001155
-0.139430
-0.236050
0.294313
0.284825
-0.891800
-0.662773
-1.038403
-0.109615
0.256545
0.801026
2.098612
0.928245
0.664739
-0.011102
0.281043
-1.032534
0.089356
0.096965
0.076772
-0.038022
-0.196777
-0.383929
0.493085
-0.136857
-0.544863
-0.649054
-0.735789
0.106567
2.132050
1.459677
1.683827
-0.776388
0.022242
-0.274773
-0.507120
-1.733298
-0.028337
-0.385213
-0.083468
-0.021585
0.120680
-0.423318
0.808275
0.507518
0.241759
0.965474
1.237976
-0.276453
0.466475
0.968038
0.429292
0.703474
-1.570087
-0.594364
2.161017
0.143102
1.100910
-0.218415
-0.262649
-0.017558
0.048625
-0.018635
-0.018133
-1.121467
-1.219189
-0.100153
0.495806
-0.002729
-0.285297
1.419350
0.479426
-1.121530
-2.218929
0.000324
0.220860
-0.311078
1.363317
-0.639368
-0.236204
-0.070964
0.061873
-0.571621
-0.084131
-0.663907
-1.103816
0.399455
0.689263
1.336990
0.380784
-0.511392
-0.804755
-1.627887
-1.190653
1.157342
0.562481
0.105082
1.221042
0.217462
-0.074264
-0.014731
-0.076548
0.051158
0.317006
0.025074
-1.236114
-0.486518
1.950969
1.697180
-0.099297
-0.163305
-0.023771
-0.011444
-0.724041
-0.005764
-0.349024
-0.071772
-0.251864
-0.056436
-0.260151
0.056905
-0.074242
0.041483
0.595658
0.451545
-0.702455
-0.148270
0.996621
-0.304381
-0.533451
-0.358578
-0.032563
0.150106
0.017075
-0.495034
-0.938055
-0.308060
-0.078377
0.155180
-0.160771
-0.077211
-0.029979
-0.084680
0.414794
-0.443785
-1.726592
-1.742612
-0.446194
-0.011919
0.240038
0.230457
-0.036839
-0.371007
-0.961453
-0.579319
-0.350793
-0.112102
0.005406
-0.088055
-0.011551
0.091740
0.037511
0.065734
-0.065262
-0.189880
-0.495258
-0.594633
-0.314297
-0.053799
0.016046
-0.050908
0.034476
0.186889
-0.007917
-0.027775
-0.041897
-0.076350
-0.002076
0.033202
0.045920
0.031889
-0.094728
0.057387
-0.024174
-0.071366
0.071371
-0.006350
-0.108247
-0.071636
-0.008879
0.106620
0.008119
-0.076763
-0.045925
0.085172
-0.105667
0.010582
0.042951
-0.100582
0.059139
-1.889660
-0.078426
0.049713
0.008425
0.094969
-0.101513
-0.011020
0.034138
0.018666
0.041226
0.033985
0.051731
-0.115416
-0.003874
0.051361
0.058945
-0.036788
0.032775
0.009845
0.104423
-0.008641
-0.055566
0.032662
0.086446
0.102539
0.007668
-0.063619
-0.077913
-0.067291
0.064800
-0.035179
-0.068898
-0.044476
0.101855
-0.012601
-0.049429
0.032908
0.028185
-0.009240
0.099742
0.053963
-0.106243
0.061712
0.014788
-0.064942
0.024698
-0.254680
-0.249433
-0.201851
-0.046055
-0.207393
-0.145718
0.125455
0.337536
0.392933
0.396350
0.098186
0.086457
0.133658
-0.053800
-0.077888
-0.081954
-0.071536
-0.099676
-0.067074
-0.182626
-0.288081
-0.493478
0.057493
0.148122
-0.047272
-0.391182
-0.412705
0.025876
0.928197
1.318986
0.763920
0.016216
0.034409
0.034070
0.043193
-0.017358
0.088068
0.029064
0.172106
0.356531
-0.154617
0.267788
0.495154
-0.349851
-0.537935
-0.380237
-0.372854
0.250893
1.295819
1.134845
0.818444
-0.159086
-0.460081
-0.118274
-0.013570
0.108199
-0.079953
-0.042988
0.475340
0.429395
0.476704
0.365401
-0.657651
-1.712032
-0.809667
-0.340914
-0.172653
-0.163460
1.700929
1.491199
0.776803
-0.148197
-0.654225
-0.269601
0.052484
0.013378
-0.098079
0.143134
0.651303
0.265246
-0.143064
0.411305
-0.431552
-0.396906
-0.177539
-1.035657
-0.844132
-0.865005
1.243309
1.621078
1.319932
0.433471
-0.347523
-0.398140
-0.101793
-0.088552
0.119666
0.243942
0.367239
-0.278053
-0.656880
-0.614193
-0.831081
0.291732
-0.018856
-0.590882
-0.191631
0.444554
-0.035707
0.766141
2.219649
1.176183
-0.073893
-0.460431
-0.146433
0.035707
0.070727
0.555372
0.247345
0.054327
0.043767
-0.275729
-0.095728
-0.228520
-0.812280
0.371753
1.299774
-0.036834
-1.402035
1.145715
2.333397
0.891151
-1.121050
-1.176843
0.064166
0.107662
0.035551
0.625994
1.444184
0.364337
-0.610581
0.417524
-0.572460
-0.142755
0.175698
1.046120
0.094286
-1.598897
-0.617125
0.544301
0.997867
1.683854
0.745181
-0.668556
-0.107012
0.057074
0.320422
0.925584
1.665209
-0.609208
-0.396763
-0.832567
-0.919477
-0.138684
1.407680
0.634468
0.448618
-0.221258
0.036670
-0.053004
0.905235
1.475263
0.207925
-0.692421
0.104591
0.175087
0.067365
0.793260
2.667477
0.330901
0.043570
-1.533473
-0.650696
-0.468660
-0.876305
-0.714299
-0.480397
-0.187372
0.829681
0.868930
1.876217
0.628785
-0.726085
-0.212584
-0.060181
0.074240
-0.014182
0.088238
1.900299
0.354788
-0.001712
0.550868
0.282357
-1.341930
-1.786865
-0.703755
-1.005971
-0.561199
0.458634
0.744559
1.355296
0.486354
-0.285460
0.030429
-0.055838
-0.104301
0.009824
-0.119259
0.727917
0.965570
0.298255
0.247959
-0.559513
-0.468008
-0.044040
-0.619110
-0.930427
-0.606322
0.847375
1.629663
0.869530
0.761483
0.628499
0.079873
-0.037378
-0.013154
-0.126708
0.081657
-0.200633
0.065675
-0.668335
-0.595784
0.696408
-0.389551
-0.692144
-1.530393
-0.554411
0.393965
0.531981
0.365789
-0.082384
0.537685
-0.031993
-0.211816
0.084899
0.040008
0.059278
0.081487
-0.500213
-0.126917
1.029784
1.052854
-0.001058
-0.082722
0.374160
-0.359566
0.116619
1.156642
0.932610
0.378925
-0.070182
0.275243
-0.241318
-0.147862
-0.152780
-0.019349
-0.099531
0.077910
-0.258029
0.088982
0.808916
0.736642
-0.043807
0.805471
1.134865
-0.237774
-0.335588
0.951817
1.871594
1.029063
0.385606
-0.004878
-0.309950
-0.239948
0.094070
-0.040735
-0.033290
-0.123753
-0.105313
0.012566
-0.031830
0.503030
0.735292
0.896095
0.558139
-0.152497
0.013616
1.017586
1.144114
0.525444
0.280399
-0.108213
-0.104475
-0.148255
0.085170
-0.023276
0.056431
0.020286
-0.099233
0.200767
0.323625
0.028579
0.032365
0.272214
-0.026522
-0.141499
-0.028141
0.086738
0.077102
-0.075314
0.000110
0.121573
-0.085051
0.091137
0.026210
-0.080496
0.110899
-0.060197
-0.061357
0.045566
0.147372
-0.002616
-0.118933
-0.149998
-0.114251
0.037219
-0.052179
0.099271
-0.011608
0.110929
0.096960
0.026582
0.100630
0.081007
-0.035794
-0.431054
-0.065511
-0.017065
0.023362
-0.036511
0.071144
0.013422
-0.014046
-0.042964
0.036796
0.079920
0.083563
-0.004245
-0.077060
-0.105952
-0.106701
-0.053301
-0.091727
-0.065165
0.061810
0.069365
0.023095
-0.056064
-0.111412
0.108488
-0.028775
-0.041021
0.152536
0.154066
-0.047212
0.028059
0.079755
0.089744
-0.036859
0.223770
-0.022847
-0.103731
-0.037825
0.128000
0.038883
0.097135
-0.113256
0.016392
0.031206
0.067589
-0.039428
-1.140543
-1.141229
-0.467392
-0.184081
-0.262871
-0.276408
0.303826
-0.331264
-0.622265
-0.525714
-0.483199
-0.317758
-0.589173
-0.140405
-0.025704
-0.056368
-0.050900
-0.068587
-0.033590
-0.858531
-1.789972
-1.153516
-0.378480
0.963046
1.580245
1.102707
-0.943190
-1.357117
-0.963707
-1.170625
0.015376
-0.663071
-1.027535
-0.218501
0.079955
0.074963
-0.065808
0.058819
-0.138314
-2.454069
-2.011786
-0.458244
-0.474970
2.566748
4.165918
2.427687
-0.685603
0.032935
0.939219
-1.243830
0.104348
0.076812
-0.684076
-0.101446
0.081737
-0.087190
0.038616
-0.162102
-1.064954
-1.856889
0.283753
-0.922435
-0.485403
4.296745
2.489485
-0.173348
0.918677
0.752885
0.886923
-0.489089
-0.363986
-1.027598
-2.048959
-0.022045
0.216772
0.066541
0.080593
-0.527689
-1.159793
0.031506
0.534299
0.021722
1.635412
3.206991
0.428831
-1.042585
0.239546
0.028498
-0.146666
-0.546853
-0.454254
-1.154225
0.096260
-0.297636
0.095862
-0.007879
0.055008
-0.700440
-0.066355
-0.412577
-1.682113
-0.274604
2.862326
1.384109
-0.356446
0.179813
0.256024
1.341530
0.145602
0.450823
-0.746327
-1.353571
0.465576
-1.677613
0.157557
-0.040057
0.021658
-0.313225
1.139335
-0.163855
0.033408
0.564226
1.400860
1.951283
0.851962
0.448755
0.743890
0.582838
0.507413
-1.172392
-1.043165
1.833293
0.379387
-1.050773
-0.117146
0.000775
0.070098
-1.005108
-0.793405
0.680054
-0.366083
0.223682
2.829562
0.129209
0.159764
0.516676
-0.816957
-0.082079
-0.470489
-0.000409
0.277392
0.387065
-1.248084
-0.856639
0.032735
0.044187
0.766025
-0.185105
-0.424090
1.137427
0.121615
-0.518508
0.069981
0.552973
2.322136
-1.339210
-0.787918
1.377236
-1.080399
-1.006483
0.875467
-0.037182
0.350873
-0.649840
0.050481
0.077344
0.762223
0.381620
-0.269620
-1.143625
0.365894
-1.156976
-2.544299
0.829190
0.719309
0.499651
0.340025
0.677065
-1.416027
-1.286496
0.141828
-0.084364
1.920841
-0.436913
0.117666
-0.131901
0.311873
0.367312
0.246813
0.850659
-0.694083
-0.153267
-0.662658
-0.786750
-1.240260
1.458299
-0.783491
0.125537
-0.381154
0.673998
-0.641920
-1.623626
0.175835
0.742239
0.303741
-0.049873
0.307363
0.624764
-0.385198
-1.129051
-0.413594
-0.090007
0.807785
0.270126
1.504766
0.861239
0.179279
-1.757537
-1.074673
-1.330946
0.164110
-0.104235
-0.013033
0.061471
-0.021972
0.132791
0.279391
-0.025779
1.127312
1.409685
-0.338301
-1.005511
-0.014974
-0.763228
0.973122
-0.177301
-0.217079
0.536882
1.138691
-1.280341
0.182347
-0.712405
0.711668
0.523001
-0.057652
0.049719
0.072649
0.242101
1.588845
0.979901
0.700918
0.241575
-0.579479
0.830566
1.362440
0.324208
-0.111778
-1.476019
-0.823597
-0.507072
-0.265989
-0.515852
-0.138160
0.143324
-0.037755
0.040104
0.013544
0.057034
0.608950
0.024143
0.294343
1.323974
1.078352
1.374826
0.425118
-0.438175
-0.688220
-0.606091
0.046859
-0.278790
-0.523605
-0.066077
-0.334287
0.008723
-0.078600
-0.115791
-0.099573
0.158489
0.073386
1.107308
1.595253
1.945544
0.433692
-0.029651
-0.312530
-0.510546
-0.335303
-0.438219
-0.524532
-0.918029
0.091805
-0.248478
0.070278
0.109919
-0.007047
-0.060820
-0.104495
-0.125990
0.171890
0.086001
0.501453
0.290782
0.090247
-0.052583
-0.223257
-0.390440
-1.020573
-0.466547
-0.231067
-0.147986
-0.126215
0.038027
0.052514
-0.080452
0.045942
0.005836
0.111186
-0.079372
0.030277
-0.145469
-0.216778
-0.033056
0.083606
0.016352
-0.051991
-0.032170
-0.133886
-0.024805
-0.117563
0.090486
-0.081397
-0.017706
0.068826
-0.004486
-0.104537
0.456358
-0.035301
-0.067039
0.108627
0.088703
-0.099880
-0.051124
0.006308
0.079601
0.094312
0.037144
0.034303
0.045974
0.059218
-0.047059
0.008649
0.051916
-0.026770
0.003354
0.081541
-0.045259
0.097019
-0.078867
0.040669
-0.034932
0.036448
-0.119426
0.159733
0.260624
0.217003
0.025259
0.085886
-0.107487
0.051983
0.056403
0.012461
-0.009380
-0.043242
0.061714
-0.086937
0.045647
0.105151
-0.045379
-0.032931
-0.098172
0.086142
0.288445
0.007892
0.457548
0.908462
0.492131
0.024982
0.227448
0.094098
-0.243567
-0.369658
-0.347006
-0.110269
-0.027020
0.083456
-0.035375
-0.077573
0.018947
-0.100009
-0.082038
-0.030584
0.311599
0.286837
0.735930
-0.029858
-0.287913
-0.185953
-0.245846
-0.123081
-0.386786
-0.530514
-0.167602
-0.214764
-0.095086
0.195221
-0.027190
0.010669
0.088435
-0.004704
0.046135
0.281124
0.851220
0.914484
-0.643238
-1.261445
-0.496855
0.031685
0.316455
0.354553
-1.285246
-1.429630
-0.578084
-0.181910
0.429709
0.194776
-0.182286
-0.086802
-0.076547
0.098251
0.521602
0.956548
0.914910
0.917354
0.322798
0.638110
-0.783853
-1.194259
0.877656
1.467651
-1.943314
-2.235130
-1.499048
-0.147311
0.538637
0.855047
0.356139
0.031402
0.094985
-0.047525
0.853698
0.714143
0.293384
1.380989
-0.249071
0.431868
0.493515
0.050425
0.210675
1.237240
-1.138346
-1.500109
0.389810
-0.071957
-0.009511
0.723775
0.295977
-0.050472
0.038753
-0.322221
0.519601
-0.001579
-0.562206
1.367873
-0.012482
0.386074
0.896120
-0.423400
-0.686962
-1.273406
-1.603704
0.202952
0.279321
-0.492906
-0.685720
0.108684
0.213585
-0.018718
-0.121708
-0.199621
-0.451055
-0.384350
-1.485639
0.080420
0.714707
0.313026
-0.375226
-1.052112
-1.983811
-2.105897
-1.910089
-1.377181
-1.128173
-0.146137
0.062366
-0.458995
-0.193041
-0.011109
0.025247
-0.453713
-1.059375
-1.135114
-1.383873
-2.060798
0.539905
-1.237613
-2.361782
-0.941840
-1.365198
-0.808271
-1.687951
-0.874652
0.783933
0.484201
-0.825007
-0.727536
0.059621
-0.031153
-0.216935
-0.835247
-0.940901
-1.505467
-2.416676
-1.798986
-1.255695
-1.622469
-1.427041
-0.718618
1.262817
1.915405
0.696649
-0.008487
-0.737533
-0.683007
1.031753
0.335143
-0.774574
-0.001751
-0.150113
-0.512319
-0.680564
-0.726567
-1.419179
0.007180
0.701936
0.217920
0.179540
0.359865
1.000683
0.642117
0.216724
-0.169468
-0.820929
0.212996
0.008353
-1.102556
-0.889631
0.032266
-0.038255
-0.589901
-0.857281
0.293541
0.498659
0.379621
1.583108
0.679737
1.751831
-0.346261
0.219787
0.720222
1.396924
0.286916
0.284094
-0.443536
-0.390875
0.083868
-0.179664
-0.008879
0.023853
-0.481871
-0.555174
-0.507189
0.224559
0.243666
0.038071
0.153160
-0.190403
-0.409079
1.288476
1.933818
0.184804
-0.748962
-1.261412
-1.292000
-0.091213
0.003804
0.041264
0.102810
0.040683
-0.304638
-0.324261
-0.192032
-0.534366
0.159660
1.648936
0.613448
-0.353564
-0.157989
1.007118
1.436592
0.258052
-0.426072
-0.296664
-0.302690
-0.302606
-0.116912
-0.038612
0.104494
-0.105858
0.052967
-0.095581
0.519268
0.005441
0.306238
0.714086
0.659934
0.444533
-0.429265
0.228667
-0.462658
-0.549687
-0.383259
0.449409
-0.032187
-0.408984
-0.102142
0.177481
0.069904
-0.047632
0.114394
0.019561
0.505119
0.181803
-0.010776
0.459230
0.162751
-0.322362
-0.298374
0.448667
-0.255915
-1.072294
-0.699327
-0.384616
-0.647299
-0.477123
-0.405270
0.027284
0.079677
0.094523
0.017887
0.111844
0.200334
-0.054598
-0.773756
-0.169181
-0.170149
-0.326133
-0.077088
-0.193156
-0.254064
-0.184523
-0.195369
-0.099885
0.043783
0.078831
-0.054428
0.041454
0.047076
-0.012081
-0.095215
-0.041602
0.203247
0.046072
-0.150094
-0.143786
-0.108675
0.020995
-0.135116
-0.530972
-0.363265
-0.033400
-0.002170
0.004288
0.129800
0.018296
-0.091365
-0.105964
0.081715
0.096161
0.013313
-0.055109
-0.047834
0.014421
-0.189394
-0.079373
0.081437
0.043645
0.050747
-0.092928
-0.203444
-0.059298
-0.067533
-0.002030
-0.073814
0.077711
-0.033075
-0.014377
-1.920543
0.084719
-0.022458
0.058861
-0.087760
-0.089793
-0.024118
-0.070884
-0.154150
0.109887
-0.044914
-0.029103
0.071525
-0.074169
-0.055564
0.139917
-0.055438
0.041117
0.044309
-0.100360
-0.043841
-0.104982
0.093897
0.120228
0.023978
0.073733
-0.001079
-0.041490
0.136253
-0.050489
-0.058072
0.029035
0.123919
0.004185
-0.016947
-0.294645
-0.087130
-0.074942
0.054443
0.039538
-0.036572
0.079459
-0.099132
0.011571
0.039273
0.239831
-0.111851
-0.210691
0.173738
-0.327524
-0.646516
-0.486115
-0.136763
0.071640
0.834977
0.348319
0.041245
-0.104908
-0.103368
0.083310
-0.110605
-0.091035
-0.085367
-0.040040
0.327636
0.649223
0.214419
-0.317759
-0.262290
-0.490903
-0.020121
0.161204
-0.126962
0.493770
1.360980
0.580352
0.010217
0.061258
0.030150
0.055292
-0.014719
0.058329
-0.095327
-0.037734
0.136279
0.284304
0.258537
0.305467
0.549102
1.396296
1.418812
0.777597
-0.586353
-0.649209
0.026407
-1.232066
-0.765939
-0.219556
-0.290397
0.132696
0.111935
0.112194
-0.011432
-0.164589
0.134687
-0.594770
-1.759651
-1.171379
-0.417018
-0.609668
0.130773
0.406957
-1.609391
0.185588
1.234946
-0.575224
-0.599935
-0.743657
-0.474187
-0.209935
-0.180370
0.049000
0.224385
0.347437
-0.076131
0.055914
0.022395
-0.305817
0.099485
0.360899
0.603825
0.544866
-0.289643
0.437245
0.643423
0.505059
0.964929
0.508687
-0.510568
-0.684215
-0.145691
-0.035202
0.403509
0.445170
-0.481533
0.524928
0.031787
-1.317671
-1.263595
1.089250
0.470463
0.533793
-0.255952
-0.697096
1.509822
0.665651
0.869317
-0.198400
-0.351267
-0.008396
-0.063187
0.032530
-0.181786
-0.590078
-0.985107
0.724513
-1.274973
-1.371885
-0.003607
0.436538
-0.376687
-1.325047
-0.404743
-0.158507
1.794688
0.852011
-0.337375
-0.914435
0.356065
-0.011575
0.064766
-0.020977
-0.498298
-0.217814
-0.033104
-0.278798
-1.527841
0.399171
0.960659
0.557724
-0.122851
0.672676
-0.326157
-1.288254
1.182509
1.631818
-0.413230
0.643717
0.623687
-0.424934
0.216670
0.052431
0.529409
1.074229
-0.249689
0.281494
0.305307
-0.274613
0.969218
0.078246
0.042835
1.130585
-0.847751
-0.409295
1.385115
0.557430
1.161600
0.664186
-0.678922
-0.691465
0.237160
0.095483
0.352184
0.608878
-0.367370
-1.168657
-0.736264
0.214602
-0.576718
-1.071793
0.231370
-0.858421
-0.634530
-1.172556
-0.640023
1.416848
0.827459
0.018742
0.609786
0.285987
0.027851
-0.133785
0.367421
1.292883
-1.057711
-2.039751
-0.140019
-1.006492
-0.586944
0.881822
0.511958
0.306506
1.569256
-0.901586
-0.239165
0.608029
-0.658127
-1.176855
0.012660
0.216158
-0.123594
0.014151
0.301886
2.295549
0.115138
-0.538027
-0.038121
-1.622161
-0.410840
-0.900504
-1.279522
0.872853
0.218689
-0.196253
-0.291984
-0.092673
0.304865
-0.076387
0.036652
0.028071
-0.003655
0.091716
0.227053
1.915378
0.455268
-1.792893
-1.990915
-1.196866
0.504023
0.144264
0.154438
1.073719
-0.648371
0.407652
0.350616
-0.486261
-0.066161
0.329173
-0.548215
-0.178904
-0.068157
-0.061290
0.036830
0.689611
0.632294
-0.924605
-2.177423
-0.493319
-0.746017
-0.342592
-1.110145
0.320803
0.505172
0.344050
0.393235
0.016458
-0.427626
-0.489459
-0.533401
-0.090162
0.037808
-0.042288
-0.113399
0.049345
1.081396
1.174044
0.173608
-0.790036
-1.022205
-0.762596
-0.297406
0.973644
0.760099
0.511660
0.172716
-0.530499
-1.024001
-0.377317
-0.061969
0.036543
0.036172
0.088216
0.039499
0.018002
0.158725
0.240646
-0.333522
-0.272657
-0.397274
-0.018434
0.908444
1.225619
-0.374295
-0.627972
-0.227803
-0.281856
-0.521847
-0.256043
0.069242
-0.127670
-0.043015
-0.061546
0.028962
0.005873
-0.112226
-0.444543
-0.507428
-0.114077
-0.116302
-0.562340
-0.220999
0.050407
-0.581092
-0.291551
-0.293643
-0.336502
-0.099794
0.002892
0.070382
-0.117146
-0.049683
0.012271
0.111784
0.048166
-0.090390
-0.080753
0.090889
-0.061239
0.019777
0.105056
-0.074727
-0.191064
-0.256255
0.002516
0.086672
-0.133963
-0.072845
0.059249
-0.012775
-0.092917
-0.065865
-1.315138
-0.018884
-0.006218
-0.100951
0.054615
0.056678
0.019725
0.026170
-0.101386
-0.014047
-0.012667
-0.068463
0.065173
0.087152
-0.089838
-0.045668
0.101458
-0.005369
0.010033
-0.117774
-0.006759
-0.050127
-0.073563
0.047535
-0.107096
-0.107955
-0.064977
0.113159
-0.032933
0.110873
0.016335
-0.114268
-0.049453
0.056877
-0.115241
0.102028
0.000598
-0.033314
-0.084304
-0.097315
-0.116466
0.114878
0.093981
-0.104416
-0.052589
-0.059103
-0.028775
-0.043895
0.045800
0.121544
-0.039160
-0.020617
-0.030873
-0.015090
-0.095393
-0.053269
-0.099493
-0.115730
0.002933
-0.105373
-0.035047
0.029804
-0.101318
-0.002309
-0.020342
-0.061568
-0.119291
0.063833
0.077245
0.003761
-0.074177
-0.172083
-0.139181
-0.296787
-0.461434
-0.610075
-0.388731
-0.068310
-0.141430
-0.006832
0.044441
0.025312
0.079577
0.075815
0.001877
-0.207238
-0.102808
-0.027909
-0.247719
-0.500603
-0.505772
-0.502707
-0.836205
-1.330062
-1.485067
-0.961057
-0.696339
-0.183273
0.227318
-0.012416
-0.141385
-0.008354
0.003197
0.039693
-0.316421
-0.460519
0.040752
0.239679
-0.311380
-0.465255
-0.720478
-0.876474
-1.728109
-1.949027
-2.069972
-1.636685
-0.674525
0.179236
0.336931
0.166392
0.041660
0.017531
0.058180
-0.124260
-0.363305
-0.567965
0.244582
-0.453939
-1.067442
-0.579817
-0.257032
-0.216543
-1.079582
-0.731002
-0.791306
-0.436057
-0.117257
-0.161038
-0.265896
-0.180427
-0.035303
0.010636
0.106431
-0.201948
-0.736075
-1.384108
-0.827207
-0.661272
-0.465074
-0.051634
-0.158002
0.272548
-0.227465
0.039941
0.683820
-0.120114
-0.512310
-1.099959
-0.421429
-0.075654
-0.050597
-0.054742
-0.097850
-0.261592
-0.954369
-0.898612
-0.698282
0.176135
-0.017558
0.615767
0.227967
0.580925
0.992613
0.558100
0.872831
-0.140831
-0.206945
-0.137924
0.194108
0.175292
-0.003434
0.082903
-0.163727
-0.501710
-1.419224
0.128228
1.025445
0.468835
-0.233265
0.745865
0.940854
1.210927
0.678160
0.302171
0.828381
-0.229698
0.454223
0.061885
-0.341669
-0.032040
0.205652
0.026056
0.232879
-0.186382
-1.540235
0.107629
0.554600
-0.062157
0.140619
0.193743
1.110081
1.942562
1.805189
0.777459
-0.136468
-0.977065
-0.556822
-0.849237
-0.634229
0.364075
0.048897
-0.122938
-0.001882
0.395202
-1.175781
-1.087181
-0.288236
-0.368988
-0.183198
0.316713
0.879274
0.463574
1.069604
0.090601
-1.130724
0.124094
0.144180
-0.032274
-0.335390
0.158022
0.109910
0.094972
0.018830
0.604650
-0.720342
-0.543017
-0.719330
-0.854997
-0.590814
0.476149
0.346446
-1.281759
-0.185318
-0.184740
-1.298363
-0.712422
-0.668254
0.127708
-0.344375
0.047170
0.030399
0.061857
0.016439
0.555896
0.525139
0.384196
-0.961548
-0.411098
-0.059079
-0.295731
-0.130947
0.089906
0.594105
-1.452687
-1.688046
-1.344945
-1.111408
-0.289181
-0.152292
-0.108186
0.133046
-0.060890
0.124241
0.615279
0.877304
-0.222636
-0.782022
-0.883533
-0.712193
-0.602555
-0.740294
-0.260625
0.115933
-1.086125
-0.841504
-0.895180
-0.507209
-0.104160
-0.080143
-0.012763
-0.002275
0.030744
-0.101470
0.056859
0.538917
0.074920
-0.076656
-0.734287
-0.798159
-0.893331
-1.165741
-0.994757
-0.535259
-1.028415
-0.780344
-0.755791
-0.213211
-0.091883
-0.082570
-0.103421
0.008240
-0.095984
-0.020231
0.039141
0.275145
0.381873
-0.209369
-0.504812
-0.506339
-0.646426
-1.126066
-1.044576
-0.664359
-0.836968
-0.668304
-0.374350
-0.361624
-0.248980
-0.068271
-0.112817
0.078373
-0.077541
0.052637
0.036818
0.209494
0.146020
-0.084039
-0.165765
0.100527
-0.139408
-0.710675
-0.342900
-0.412961
-0.444241
-0.269129
-0.094877
-0.152945
0.078731
0.043445
-0.061700
0.006287
0.067160
-0.001868
-0.058969
0.101525
0.080870
0.141150
-0.317430
-0.066394
-0.315549
-0.513918
-0.120317
-0.095242
-0.033978
0.073136
0.070205
-0.101996
0.069408
0.095528
-0.071310
-0.098217
-0.007785
-0.076164
0.062952
0.107586
0.189161
0.032236
0.039576
-0.084407
0.037659
-0.169788
0.011021
0.090175
0.043398
0.114329
0.017294
-0.075786
0.064974
-0.092158
-0.002308
0.088608
1.177567
0.004558
-0.112214
0.007936
-0.102643
-0.010202
0.007919
0.083098
-0.081571
-0.038277
0.080091
0.004797
-0.092139
0.015538
-0.109997
0.043329
-0.090359
-0.045153
-0.008681
-0.079673
-0.117865
0.117269
-0.062015
0.005912
-0.100581
-0.068889
0.087677
0.185193
0.413988
0.075868
-0.015870
-0.104403
-0.031128
-0.146037
0.614077
0.713082
0.066992
-0.049869
0.018803
-0.012569
0.005051
0.112654
-0.016137
0.069379
-0.036991
-0.496477
-0.684118
-0.646647
1.346476
1.636017
1.023262
0.308467
0.299685
-0.080129
0.189918
0.871174
-0.092265
-0.374234
-0.513719
-0.113117
-0.053046
0.022541
0.005256
0.106692
-0.315307
-0.729915
-0.705733
-0.143564
1.200910
1.174436
0.802369
1.108124
1.234876
0.680470
-0.759035
-0.917323
0.906071
-0.649013
-0.859744
0.075679
0.027977
-0.010408
0.081905
-0.117148
-0.081968
0.235597
0.846729
0.257997
-0.284958
-0.141764
-0.134234
2.162703
2.460759
2.008580
0.572002
-1.800390
-0.251270
0.642777
0.100921
0.323533
-0.076798
0.022459
0.085994
-0.028259
-0.811100
-0.186352
-0.392774
-0.809080
-0.687663
-0.023409
-1.070516
1.421234
1.009530
1.132737
2.308708
-0.349875
-1.482961
1.139687
0.319085
0.859012
0.254142
0.078567
-0.065432
0.153795
-0.086718
0.475653
1.722182
0.800725
0.523484
0.238676
-1.906539
-0.160251
0.335782
-0.811006
-0.367303
0.285456
1.028968
-0.685795
-0.519264
0.123704
0.196788
0.065594
0.095399
0.283710
1.328169
0.605085
0.960670
-0.388927
0.859355
-0.807334
-0.319722
0.330733
1.786978
0.807919
-0.045123
0.325297
-0.072160
-0.633364
0.319943
0.425234
0.712452
0.027288
0.236117
0.178999
-0.089653
0.313153
1.039875
0.267900
0.241888
-1.048574
-1.121316
-1.641519
-0.278101
1.280639
1.425716
1.299827
0.933843
-0.377860
-1.165625
0.953408
1.080421
0.000050
0.383973
-0.437403
-0.355836
-1.863008
0.409511
-0.057792
0.983831
-0.347194
-1.075014
-0.203881
-0.730164
0.413287
-0.403544
1.428931
0.206715
0.247234
-1.742181
0.518479
0.776183
-0.071120
0.317231
-1.012674
1.138307
0.550305
-0.421480
-0.108535
-0.993575
-1.744972
-2.388383
-0.522385
-1.179252
0.569984
0.386612
0.219399
-0.143152
0.092107
1.344757
0.667895
-0.269728
-0.007621
0.219589
-0.939075
-0.704824
0.356337
0.371813
-0.685337
0.342727
1.349099
-1.201695
-0.610870
-0.647703
0.252959
-0.730604
0.175592
0.048629
1.100681
0.214857
-0.003869
-0.170342
0.064313
0.161443
0.013354
1.277768
0.764992
-0.000589
-0.131742
0.023707
0.155631
-1.579396
-0.064635
0.499664
0.356252
1.200260
-0.410895
-0.363314
-1.736014
-0.575572
1.298030
-0.078834
-0.083804
0.002173
-0.386181
-1.036636
0.239487
-2.231443
0.306202
0.728882
-0.571090
-0.347650
0.504996
1.000179
-0.288495
0.262365
0.024050
0.775374
-0.516076
0.119883
0.405208
-0.004331
-0.049434
0.001147
0.927088
-0.059832
-0.825569
0.733774
-1.101867
0.674729
-0.409950
-0.145133
1.251280
0.975859
-0.822337
-1.804653
0.488045
0.280824
0.202411
1.397633
-0.032270
-0.078247
0.071916
-0.024062
0.290616
0.757179
-0.325471
-0.371348
0.821637
1.779150
0.277286
-0.391008
0.398492
1.716581
0.525327
0.500185
-1.124564
-0.551991
0.184853
1.013505
0.215710
0.394170
0.067741
0.111890
0.120273
-0.357031
-0.568443
-0.829645
-0.583331
-0.717867
-0.450899
0.016289
0.198501
0.568385
0.925364
0.167917
0.014253
0.174929
0.240053
0.001918
0.035874
0.111574
-0.000923
-0.036701
0.172442
-0.051102
-0.480455
-0.559289
-0.004205
-0.151543
-0.174811
0.322155
0.471082
-0.215668
0.202710
0.559321
-0.308106
-0.269062
0.162616
-0.106068
0.072718
0.083363
0.090502
0.068609
-0.030146
0.132439
-0.194623
-0.881180
-0.280044
0.332336
0.410717
0.305637
0.250977
0.280057
0.231933
0.029081
-0.299104
-0.328904
0.008436
-0.021840
-0.099574
0.003129
0.038446
-0.046687
-0.058405
-0.105309
-0.242382
-0.196605
-0.197069
0.061070
-0.025371
-0.037895
-0.126136
0.075872
0.070044
-0.157844
-0.020183
-0.028041
0.059175
-0.011896
0.090183
-0.082350
-0.548298
0.034093
-0.000204
-0.062071
0.075999
0.074182
-0.064109
-0.012468
-0.072782
-0.058617
0.101866
-0.026445
-0.021116
-0.021964
0.115821
-0.066980
0.038013
0.107818
-0.104710
0.093272
-0.078738
-0.002010
-0.018669
0.106950
-0.086290
0.014174
0.126483
0.029424
-0.083728
0.008928
0.035158
-0.035214
-0.098365
0.056724
0.031149
-0.150889
0.030034
0.106407
-0.036182
-0.025932
0.081149
0.077381
0.067501
0.044620
-0.005756
-0.064327
-0.244089
-0.003653
-0.007775
-0.072567
0.015648
0.052938
0.079090
-0.159615
-0.637528
-0.942673
-0.065465
-0.118772
-0.251882
-0.117261
0.040766
0.029445
0.083343
-0.116496
0.170558
-0.081464
0.244537
-0.067767
-0.407738
-0.301817
-0.224873
0.181744
0.385572
-0.628715
-0.775214
-0.576027
-0.112774
-0.044094
0.100911
-0.041591
-0.067109
0.086083
0.039253
0.045213
0.097305
0.139762
0.217091
-0.182513
-0.702766
-0.775235
-0.100641
0.885665
0.953434
-0.057452
0.135237
-0.010553
0.859519
0.473519
-0.298707
-0.267515
0.030584
0.083955
0.008482
-0.001230
-0.075218
-0.441369
0.155251
0.272966
-0.342090
-1.130066
-0.991772
0.334720
0.385166
-0.349803
1.317744
0.147825
1.336218
0.164062
-1.450714
-1.020668
-0.177893
-0.069229
0.127135
0.315099
0.157870
-0.287726
-0.031057
0.533148
-0.167900
-0.436040
-0.015634
-0.301225
1.480465
1.216914
1.849811
0.949638
0.100411
0.744005
-0.792789
-0.667266
-0.128709
0.011359
0.170346
0.553424
0.235574
-0.521416
0.200881
0.211477
-0.870008
-1.066114
-0.271242
0.091896
0.864144
2.241042
1.884375
1.895951
1.121661
1.681138
0.346479
-0.705732
-0.113008
-0.020770
0.061354
0.550105
0.256183
-0.076455
-0.276926
-1.271752
-1.310809
-0.314911
-1.067194
0.132721
1.407625
1.748922
1.484593
1.745410
0.730761
0.826136
0.291603
-0.601109
-0.145757
-0.119588
0.242780
1.182025
0.434150
-0.114317
-0.714463
0.541885
-0.491069
-0.515761
-0.827104
0.902021
0.801504
-0.015454
0.309706
0.751030
0.485504
1.514557
-0.487374
-0.607363
-0.018757
-0.148766
0.716769
1.267000
-0.590185
-0.168965
0.668919
0.784414
-0.290174
-1.012824
-1.424628
1.006037
-0.664169
-0.899052
-0.563783
0.067279
-1.476344
-0.139788
-0.787796
-0.740418
-0.085986
0.040439
0.302803
0.343674
-0.455427
-0.791486
-0.894463
-0.842548
-1.247285
-1.730890
-1.812231
-1.199051
-1.903303
-1.332564
0.309993
0.736017
-0.373389
-0.499939
-0.409716
-0.433310
-0.063726
-0.103199
0.098615
0.496009
0.535877
-0.745578
-0.769550
-0.326309
-1.492470
-1.289557
-0.305797
-1.245994
-1.157572
0.665761
1.048037
0.022380
0.082453
-0.735270
-0.438199
-0.146423
0.088654
-0.069719
0.287962
0.080748
-0.282618
0.687701
-0.427646
-0.592083
-1.164454
0.386276
0.556257
-1.417734
-0.312012
1.165547
0.347803
0.044762
1.073297
-0.354571
-0.527410
-0.298083
-0.005991
0.062420
0.178432
0.230344
0.662109
0.141814
-1.821866
-0.702943
-0.475076
-0.971926
-0.491647
0.191195
-0.107497
0.675742
-0.333171
-0.332266
-0.298436
-1.368878
-0.551796
-0.399883
-0.134889
-0.032411
0.207812
0.264528
-0.135626
-0.230757
0.388078
-0.588088
-0.503310
0.323559
0.361188
0.948160
-0.124153
0.253818
0.408628
-0.288061
-0.879096
-0.503349
-0.216692
-0.248476
0.017904
0.020491
-0.012212
-0.141771
-0.366308
-0.786486
-0.837758
-0.236967
-0.041504
0.374487
1.148310
0.918601
0.120210
1.194086
0.797321
-0.434333
-0.492444
-0.328556
-0.142510
-0.153073
0.047293
-0.099320
0.103714
-0.440054
-0.416718
-0.090665
-0.992442
-0.946038
-0.287583
0.272523
0.829976
0.825939
-0.015202
-0.064142
-0.593598
-0.809625
0.070244
-0.122562
0.067469
-0.111328
0.043475
0.050821
-0.060328
0.003181
0.070710
-0.080991
-0.562578
-0.608853
-0.101785
0.106802
0.237962
0.283619
0.762349
0.702123
0.148075
-0.033810
0.107213
-0.022044
0.040737
-0.117835
0.107083
0.036541
0.106215
0.023175
-0.065525
0.199077
0.230894
-0.003200
0.083929
0.058385
-0.007996
-0.049021
0.088458
0.268653
0.053370
-0.069874
0.077111
0.004387
0.115365
0.106941
0.073234
-0.109984
-0.020094
-0.056717
-0.014468
-0.025545
-0.015058
-0.060449
0.021504
-0.015762
-0.023614
0.120424
0.032944
-0.046927
-0.042352
0.061792
-0.079724
-0.075866
-0.025282
-0.105569
-0.040672
-0.068799
-0.105356
0.080506
0.109535
0.010716
0.091442
-0.063771
0.011684
0.099008
0.071920
-0.010620
0.067562
-0.093334
-0.031324
-0.039734
0.046568
0.033875
-0.007565
-0.111820
0.107865
0.100777
0.109947
-0.057234
0.082983
0.089661
0.074148
-0.013636
0.082741
-0.066747
0.097514
0.024918
-0.074566
0.104160
0.095875
0.122291
0.060599
-0.076271
0.083404
0.078650
-0.019756
0.100165
0.081941
0.007059
-0.034283
-0.090024
0.080970
-0.041272
-0.028174
0.085496
0.046799
-0.035922
-0.064591
-0.048546
-0.083699
-0.204463
-0.149398
-0.207685
-0.198861
-0.141719
0.061789
0.011317
0.030713
-0.118471
0.034257
0.107332
-0.113152
-0.122165
-0.200613
-0.091209
-0.283648
-0.279769
-0.322320
-0.346176
-0.197674
-0.515465
-0.443781
-0.110398
-0.235265
-0.261394
-0.073301
-0.083328
0.102070
-0.035981
-0.044678
-0.057524
-0.200294
-0.259292
-0.386763
-0.274900
-0.497065
-0.718024
-0.564688
-0.516586
-0.280294
-0.522459
-0.356474
-0.192335
-0.041646
-0.373549
0.058631
-0.000235
-0.093931
-0.077907
-0.097984
-0.068035
-0.338988
-0.328850
-0.750908
-0.672926
-0.752412
-0.784338
-1.132762
-0.853675
-0.659425
-0.448896
-0.802930
-1.019766
0.268170
0.611442
0.187813
-0.052023
-0.093296
-0.057833
-0.008828
-0.223300
-0.570921
-0.704350
-0.993243
-1.230017
-0.395685
-0.052903
-0.855659
-0.845577
-0.262136
-0.129186
-0.302461
-0.359030
0.118486
0.512855
-0.458117
0.051704
-0.095809
-0.101702
-0.154851
-0.195969
-0.965999
-1.355765
-1.547502
-0.708640
-0.203222
0.178379
0.221703
-0.106820
0.100941
0.033372
-0.275900
-0.874543
-0.901564
-0.890855
-1.017003
-0.149149
0.004922
0.069857
-0.216676
-0.419787
-0.987435
-1.454946
-1.300699
-0.602847
0.055447
0.985768
0.670430
0.344013
0.838093
0.263162
-0.628067
-1.039411
0.042383
0.073570
-0.123264
-0.089636
0.113738
-0.051597
-0.489670
-0.351499
-0.787735
-0.879729
-0.216784
0.196825
1.125482
1.421053
1.106710
1.404977
0.493437
-0.125061
-0.262469
-0.445532
0.027424
0.208778
0.110358
-0.011868
-0.055769
-0.146323
-0.327032
0.624403
-0.313897
-1.047664
0.095332
1.075555
1.532048
0.546061
0.486775
0.071271
-0.981145
-0.769876
-0.493796
-0.390398
0.151980
0.261118
0.028924
-0.011135
0.122169
-0.019160
-0.214411
-0.074896
-0.821723
-0.747743
-0.531969
0.238750
0.352682
-0.229865
-0.260014
-0.780958
-0.749484
-1.133611
-1.015015
-0.658190
-0.054600
0.165275
0.028206
-0.110324
0.090846
0.045712
-0.267206
-0.086630
0.279194
0.026110
-0.999389
-0.445147
-0.431545
-0.772181
-0.771130
-0.957200
-0.569007
-0.805793
-0.864058
-0.674229
-0.106873
-0.060851
-0.059842
-0.112142
0.082676
-0.126697
-0.011263
0.013146
0.798137
-0.298491
-0.897676
-0.709019
-1.352301
-0.959993
-0.745708
-0.980997
-0.936147
-0.747662
-0.751553
-0.576342
-0.214733
-0.174400
-0.108507
-0.118417
-0.071171
-0.116375
-0.122704
0.212443
1.000921
0.222290
-0.656428
-0.421049
-1.047528
-0.990716
-0.672481
-0.599975
-0.596512
-0.500025
-0.359161
-0.197424
-0.051139
-0.058366
0.065214
0.047096
-0.088154
0.039122
0.107263
0.246430
0.078009
-0.476922
-0.466986
-0.341080
-0.637287
-0.614664
-0.476953
-0.204577
-0.123834
-0.187223
-0.156356
0.000735
-0.136217
0.074140
0.039417
-0.082536
0.082843
0.003384
-0.031823
-0.068403
-0.449913
-0.541759
-0.035498
0.074555
-0.197943
-0.188146
-0.129005
0.085159
-0.065053
0.042547
-0.071996
0.066983
-0.094853
0.069485
0.046369
0.033574
0.051125
-0.112761
-0.098967
-0.120543
-0.395755
-0.293335
0.071055
0.106717
0.113655
-0.019268
0.007933
-0.059815
0.041005
-0.042832
-0.083136
0.015865
0.077345
-0.112370
-0.044690
0.023202
0.086513
-0.004698
-0.104948
-0.042264
-0.291186
-0.222418
0.020746
-0.074715
0.003714
-0.060321
0.120109
-0.078984
-0.060117
-0.086364
-0.035564
-0.013275
-0.073419
0.072174
0.002838
-0.008161
-1.090166
0.010220
-0.018675
-0.006647
0.067637
0.091512
-0.037316
0.006908
0.068611
-0.141020
-0.061321
-0.052074
0.069037
0.105482
0.011597
-0.057991
0.017465
0.059631
0.051518
-0.119561
-0.002291
0.060663
-0.012858
-0.062827
-0.027779
-0.026443
0.084632
-0.045928
-0.237248
-0.265142
-0.046047
-0.081113
0.001806
-0.033694
0.050740
-0.247687
-0.132354
0.083604
-0.084690
0.011196
0.058863
0.048830
0.006183
-0.037474
-0.042599
-0.069403
-0.488684
-0.273919
-0.350574
-0.100325
-0.003139
0.241034
0.265270
0.233706
0.191334
0.059264
0.196748
0.090320
-0.427116
-0.120945
-0.080929
-0.118233
0.016892
0.076649
0.010468
-0.319197
-0.547503
-0.486096
-0.281252
0.046844
0.344069
0.731124
1.179641
-0.318677
-0.193272
0.257839
0.320700
-0.043445
-0.857721
-0.139419
0.057753
0.053553
-0.063209
-0.100941
0.072615
0.059242
0.007930
-0.400716
0.326140
1.036801
0.237446
-0.141705
0.891568
0.526573
0.514417
0.118600
-0.587088
-0.593158
-0.264558
0.272000
0.003710
-0.078346
-0.029590
0.029368
0.295705
0.260685
-0.891056
-0.564639
0.396930
-0.188641
1.090846
1.177904
-0.166515
0.377063
-0.116908
-1.133598
-0.676306
0.349832
0.197381
0.044132
-0.244260
-0.070764
-0.009713
-0.011223
0.703708
0.212283
-0.888350
-1.161053
0.591068
0.725587
1.114235
-0.087100
0.102912
1.151828
0.111275
-1.523886
-0.336724
0.245832
-0.022505
0.036882
0.139454
-0.069203
-0.061118
0.276515
0.703494
-0.606126
-0.687593
-0.195305
-0.898756
0.776257
0.210142
-1.409588
1.487157
0.077439
-0.163027
-1.356644
0.803207
-1.438983
-1.209056
0.336051
0.052006
0.047528
0.071267
-0.264624
-0.375088
-0.951831
-0.016831
-0.518358
-0.004044
0.225699
0.891905
-0.432627
0.807337
-0.822212
-0.942184
-1.401704
-0.549251
-1.098555
-0.537194
0.909635
-0.030641
0.107252
0.178154
0.564974
-1.009363
-0.901507
-0.125474
0.150263
-0.525539
-1.021331
-0.455094
0.308599
-0.156115
0.101667
0.203716
-1.460192
0.061167
-1.284383
-0.147785
0.511956
0.001073
-0.006295
-0.087679
-0.473401
-1.131865
0.250380
-0.389685
-2.168487
-1.115573
0.417122
0.555531
1.445960
0.489021
2.474110
0.836143
0.262897
-0.898001
-2.237291
-1.744394
0.683135
0.028451
0.024323
-0.118132
-0.795792
-0.020176
-0.594033
-1.870421
-0.747315
-2.352362
0.408004
0.980044
-0.021307
2.133342
1.586437
0.657397
2.381127
-1.039249
-0.582359
-0.709723
-0.478887
-0.481182
-0.015757
0.091033
0.165367
-0.391099
0.251279
-0.088447
1.158444
-0.972876
1.193396
1.419163
-0.598959
0.923959
0.225662
0.746634
-0.019250
0.179212
-0.553196
0.491236
0.156520
-0.116824
-0.002663
0.189290
0.037387
-0.760996
-0.152594
-0.469441
-1.012989
-0.048734
-0.761587
1.155530
2.265782
-0.649902
1.262607
0.254158
-0.583283
-0.569692
-1.549646
-0.207548
0.377851
0.250703
-0.071193
-0.191013
0.078923
-0.976864
-0.245898
-0.325486
-0.731012
-0.107867
1.109842
1.467089
1.328640
-1.443433
0.885727
1.455083
0.208596
-0.591201
-0.563297
0.215137
1.207248
0.020925
0.117904
-0.051491
0.118882
-0.859583
-1.371212
0.305537
-0.509270
0.194814
0.183012
0.429936
0.970656
1.051257
0.139231
-0.828673
-0.465930
-0.717622
-0.196722
0.992682
0.795524
0.197250
-0.033261
-0.083575
-0.433239
-0.452513
0.084996
-0.814880
-1.460502
-0.642900
-0.959847
-1.800881
-1.364101
0.204662
0.167158
-0.480880
0.217048
-0.026252
-0.073646
0.851514
0.279851
0.105801
0.115567
0.041742
-0.386003
-0.703777
-0.057656
-1.131805
-2.459459
-0.837596
0.213667
0.406663
-0.144934
-0.503253
0.435778
0.756194
0.270000
0.289684
0.242894
-0.059695
0.154316
0.018021
-0.005973
0.057985
0.029598
0.022968
-0.015880
-0.449952
-0.717226
-0.318187
0.114913
0.156324
0.363933
0.542589
0.232783
0.016613
-0.062788
0.169366
0.035318
0.081466
0.089403
-0.043999
-0.018081
0.007608
-0.070061
-0.025284
-0.339429
-0.186371
-0.004101
-0.056346
-0.023341
0.031441
0.121512
0.068842
-0.077027
0.084256
-0.080778
-0.072963
-0.104744
0.022217
-0.079162
-0.071087
-1.354263
-0.078949
-0.099338
-0.082179
-0.096069
0.010140
-0.013865
-0.065094
0.047344
0.040096
0.066423
0.054394
0.040443
-0.051762
-0.084887
-0.070870
-0.084129
0.105393
0.076604
-0.060715
0.110557
-0.049748
0.056287
0.065147
0.111359
-0.050640
0.045667
0.180229
0.474455
0.172787
-0.086013
-0.041832
-0.007040
-0.070175
0.232736
0.190595
-0.000797
-0.030279
-0.051574
0.039596
-0.004334
-0.051939
-0.087198
-0.103768
-0.087112
0.035824
0.240500
0.178241
0.896759
0.542341
0.016421
-0.128592
-0.092598
0.087302
0.034149
0.280964
-0.016310
0.076340
0.253308
0.026837
-0.012559
-0.023625
0.064970
0.001652
0.102987
-0.107127
0.133024
0.191807
0.208517
-0.162584
-0.572765
-0.316929
0.455966
1.281556
0.166019
-0.081800
-0.054681
0.036258
0.201002
0.064281
0.013655
-0.093815
-0.012667
0.092319
-0.115263
-0.399407
0.277331
0.918332
-0.386258
-1.120032
-0.776139
-0.224017
0.061370
0.522530
-0.013995
-0.180564
0.099847
0.024651
0.358098
0.358116
0.014761
-0.072420
0.081449
0.063605
-0.283675
-0.821410
0.153210
0.937400
-0.590791
-0.725428
-0.228790
-0.701019
-0.192207
0.302224
-0.551418
-0.339302
-0.485927
-0.232259
0.360982
0.870677
0.271697
0.071073
0.004024
0.182512
-0.208232
-0.994684
0.254010
0.722182
-0.959127
-0.850834
-0.635532
-0.231821
-0.270553
0.337624
-0.645075
-0.618905
0.964021
-0.093037
-0.283805
0.096614
0.028955
-0.026278
0.103442
-0.055019
-0.315806
-1.130968
-0.653700
0.873084
-0.905042
-1.612826
-0.922492
0.018831
0.039794
-0.657224
0.351898
0.027684
0.714123
-0.205231
-0.960120
0.102692
0.136010
-0.046096
-0.092581
-0.064369
-0.822985
-1.185749
0.173318
-0.123702
-2.508051
-2.013818
-1.555758
0.115641
-0.038328
-0.689749
0.513527
-0.828957
-0.133413
0.690960
0.185106
0.995106
0.327467
-0.079417
-0.179232
0.003947
-0.859937
-0.499892
0.004354
-1.436830
-1.600435
-0.928609
-0.432750
0.609003
-0.448479
0.297433
1.445175
0.056351
-0.437281
0.267407
-0.143072
0.573564
0.232108
-0.094759
0.051506
-0.351848
-0.531885
-1.222697
-0.297157
0.163928
0.730824
0.765437
0.634358
0.509798
-0.656474
0.185734
0.839982
-0.080981
-0.210720
-0.286047
-0.592873
0.138239
-0.020185
0.152795
0.123137
0.095623
0.427447
-0.718371
-0.464130
1.056807
1.153727
0.136238
0.082240
-0.477166
0.033341
0.976997
0.419348
0.579254
-0.169344
-0.294854
-0.412705
0.484943
0.071820
-0.031439
0.119362
0.198579
-0.232873
-0.170183
-0.479678
1.436194
1.560226
0.646207
-0.785485
-0.199683
0.247628
0.293418
0.131626
-0.987607
-1.858912
-1.265035
-1.108418
0.049401
0.128240
0.025923
-0.010603
-0.093258
-0.168795
-0.096632
0.432705
0.596431
1.183012
0.647985
-0.579228
0.092552
0.226563
0.471255
-0.594422
-1.562967
-1.897324
-1.124827
-0.543814
-0.141837
-0.091867
-0.088358
-0.107281
-0.392351
-0.409895
-0.619465
-0.503982
0.418063
1.019013
0.259364
-0.781586
-0.601693
0.354783
-0.381341
-0.959885
-1.305031
-0.984814
-0.561164
-0.375184
0.081697
0.038625
0.040976
-0.074546
-0.006562
0.125185
-0.142868
-0.552106
1.197016
1.612465
0.209268
-0.803601
-0.947650
-0.363200
-1.124388
-1.005627
-0.904132
-0.682142
-0.390128
-0.098021
0.076771
-0.036664
0.033303
0.101847
0.036372
0.097898
0.285429
0.222364
0.827637
0.870729
0.309729
-0.670107
-0.568356
-0.017807
-0.977595
-0.789482
-0.736140
-0.219884
-0.378361
-0.161867
0.067521
-0.054853
-0.117808
-0.116323
0.121992
0.033604
-0.097714
-0.028637
0.364652
0.365219
0.153824
-0.270831
0.113653
-0.020135
-0.754869
-0.276464
-0.404563
-0.177814
0.045582
-0.117703
-0.075325
-0.044178
0.102731
0.052440
-0.054125
-0.059149
-0.132812
0.036468
0.119803
-0.000777
-0.012456
-0.206663
0.093544
-0.009115
-0.178495
0.027553
-0.011343
0.104008
0.065082
-0.087132
0.010604
-0.106387
-0.051306
-0.031519
0.013472
-0.058523
0.041297
-0.014614
-0.058044
-0.033739
-0.004123
-0.062511
0.033106
0.006444
-0.018879
-0.013207
-0.001337
-0.045075
0.067184
0.021099
0.076021
0.104703
-0.119050
-0.037486
0.028884
0.052333
-0.003528
-0.086562
0.105939
0.118027
-0.076306
0.099988
0.031921
-0.101713
0.090882
-0.082308
0.092993
0.090870
0.004418
0.032612
0.062909
0.048643
-0.107088
-0.116686
0.024662
-0.019520
0.067104
0.075250
0.104166
-0.121975
-0.008191
-0.052567
0.073054
-0.000348
-0.000240
-0.067025
-0.005747
-0.076852
-0.115534
-0.004968
-0.029178
-0.062869
0.085491
-0.050974
0.018126
0.098614
-0.100220
0.058261
0.020156
0.074404
-0.006483
-0.007188
-0.019789
-0.146397
-0.048216
-0.004009
-0.089617
-0.152087
0.041218
-0.020099
-0.121059
0.056395
-0.070655
-0.063272
0.059123
-0.017695
-0.048866
0.323747
0.312839
0.050391
0.136414
0.090440
-0.241612
-0.327746
-0.385768
-0.369749
-0.468732
-0.486244
-0.329480
-0.344931
-0.514966
-0.070918
0.065408
0.053152
0.074885
0.060036
0.131843
0.491944
0.245488
0.138843
0.002882
-0.464075
-0.815736
-0.464572
-0.645530
-0.292601
-0.329822
-0.466962
-0.766489
-0.595617
-0.455054
0.081851
0.095305
-0.090553
-0.120791
0.006351
0.262906
0.567288
0.422863
1.178454
0.721627
-0.116651
-0.697286
-0.757538
-1.173470
-0.721659
-0.692281
-0.186950
-0.496487
-0.262384
-0.256818
-0.047473
-0.025895
0.093324
0.016760
0.161631
0.339234
0.383166
0.058817
0.160232
-0.075176
-0.311095
-0.028808
-0.800945
-1.901538
-1.238847
0.180377
0.239039
-0.373132
0.055892
0.718765
-0.029035
0.049945
-0.024622
-0.088609
0.028079
0.078379
-0.325055
-0.781701
-0.454879
-0.044589
0.331956
0.536594
-0.875057
-0.942721
0.467157
0.855843
0.659633
-0.291672
0.544323
0.759045
0.021690
0.140178
-0.044706
0.063765
-0.052464
0.080745
0.353557
-1.181715
-0.938795
-0.270786
0.155081
-0.668919
-0.834499
1.234063
1.708235
0.368558
0.717186
0.280333
0.721377
0.490674
-0.207307
-0.156084
0.011264
-0.053194
-0.340213
0.390657
0.048599
-1.312816
-0.176318
-0.219125
-0.412653
-0.734177
0.342893
1.606837
1.238989
0.874130
0.550242
-0.016481
-0.044394
-0.236922
-0.445275
0.084884
-0.092772
-0.148609
-0.494416
0.425040
-0.306698
-0.461983
1.087116
0.320011
0.390910
0.919747
1.083821
0.575765
0.996146
0.618367
-0.616212
-1.002623
-1.048911
-0.260020
-0.144722
0.117264
0.009145
-0.098062
-0.601286
-0.540514
-0.737087
-0.237365
-0.060880
0.305600
1.226828
0.763332
0.847038
0.657606
0.550732
-0.049581
-0.483752
-0.290673
0.035819
0.377728
0.275638
0.010582
0.076873
-0.203415
-0.294275
-0.700320
-0.107741
0.651112
0.363818
-0.249708
-0.824399
-0.322079
0.078707
0.666531
-0.383305
-1.708959
-0.922949
-0.404676
-0.430412
0.371981
0.270503
-0.094475
0.062742
-0.051263
-0.374646
-1.083649
-0.611017
0.842981
0.801666
-0.422323
-0.602977
0.193259
-0.630329
0.034358
-1.511083
-1.967448
-1.272140
-0.511493
-0.517424
-0.509345
-0.322649
-0.122938
-0.002844
-0.093022
-0.394172
-0.874979
-0.083343
0.331754
-0.038391
0.081910
0.168740
-0.417161
-0.716646
-0.313803
-0.870891
-0.987918
-0.138926
0.169899
0.195464
-0.024678
-0.218305
0.092369
0.120954
-0.184442
-0.199525
0.078840
0.030131
0.063587
0.525927
0.489252
-0.164106
-0.255760
-0.516514
-0.557905
-0.885040
-0.077158
0.032135
0.334354
0.268274
0.145710
-0.081471
-0.075960
0.110697
0.105446
-0.093796
0.343599
0.144013
0.449808
0.931099
0.283858
-0.154941
-0.036620
0.153864
-0.242529
0.011417
0.472733
0.267512
0.184384
0.222614
-0.007476
-0.046650
0.119025
0.055835
0.111299
-0.084261
0.209879
0.349384
0.501342
0.456906
0.237197
0.070304
0.000196
0.220559
0.049909
-0.041255
0.223964
0.008567
0.010238
0.181773
-0.048741
-0.053755
0.081732
-0.066071
-0.076635
0.011084
0.106239
0.058737
0.127408
0.080633
-0.021497
0.190880
0.127976
-0.083062
-0.092018
0.006249
-0.044924
-0.102130
0.093680
-0.028312
-0.026760
0.084914
0.043672
0.085265
-0.087933
-0.092867
0.056472
0.034875
0.099050
0.050283
-0.037358
0.049854
0.090234
0.047865
0.003808
-0.094183
0.025209
0.091209
-0.103585
0.111934
0.009144
-0.111826
-0.058696
-0.178891
-0.062220
-0.061980
-0.057641
-0.064404
-0.024661
0.095423
0.084652
0.004257
-0.034243
0.088977
-0.034833
0.107726
-0.014070
0.005919
-0.080258
0.007320
0.059779
0.047557
0.047512
0.090614
-0.026378
-0.044876
0.092278
0.013259
-0.010287
0.076521
0.027175
0.061851
-0.100244
-0.100296
0.111264
0.087531
0.048416
0.055446
0.194363
0.012707
-0.100244
-0.020944
0.030870
0.046719
0.099339
-0.110267
0.107665
-0.003555
0.025984
-0.126627
-0.146836
0.091435
-0.031564
-0.043833
0.115751
0.033758
0.086304
0.170838
0.294693
-0.063218
0.007734
-0.037853
-0.012620
0.012507
-0.004958
-0.044695
0.017396
-0.075384
0.192160
-0.134288
-0.067657
-0.042922
-0.014238
0.015417
-0.007263
-0.168620
-0.204810
0.219139
0.041480
0.055521
-0.379268
0.207957
0.077675
-0.053720
-0.014708
-0.022461
-0.116373
-0.036923
-0.059005
-0.086450
-0.112498
-0.194000
-0.199035
-0.414877
-0.653200
-0.874552
0.112703
0.577019
0.361867
0.401271
0.083865
0.190970
-0.145760
-0.084435
-0.012743
0.060115
-0.066183
-0.433614
-0.686829
-0.328115
-0.150210
-0.245824
-0.376713
-0.789907
-1.030517
-0.249775
0.354451
0.732634
0.416727
0.355571
0.466626
-0.255223
-0.014119
-0.021794
0.109190
0.158044
0.051334
-0.379118
-1.016743
-0.869170
-0.470830
-0.539688
-0.110472
0.005409
-1.185791
-0.780733
-0.607622
-0.576844
-0.057726
0.269682
0.580825
0.064237
0.076693
0.089778
-0.116567
-0.025024
-0.133843
-0.204042
-1.079283
-0.813963
-0.937719
-1.201572
-0.286907
0.738257
-0.553258
-1.113615
-1.191758
-0.485658
1.067895
1.037156
0.263784
0.137823
-0.140434
-0.043309
-0.099243
-0.005456
-0.305555
-0.278585
-0.007313
1.265337
0.455424
-0.628369
-0.346657
0.285588
0.152038
-1.160048
-1.075234
-0.647327
0.570467
0.175754
0.256802
-0.056135
-0.304737
0.021148
-0.045306
0.038292
0.075406
0.019912
0.535170
0.671946
0.454567
0.024107
-1.194899
-0.266494
1.022388
0.206200
-0.122744
0.312811
0.728450
-0.393677
-0.112707
-0.386353
-0.238539
-0.039069
-0.040956
0.056631
0.144113
0.388236
-0.157619
-0.241255
1.641314
1.109403
0.179172
1.032905
0.970520
0.554716
-0.882486
0.418189
0.281323
-0.428907
0.097030
-0.749952
-0.163619
0.031444
0.007431
-0.008191
-0.368092
-0.202632
-0.683792
-1.114075
-0.362004
0.013388
-0.469993
0.553603
-0.112917
-1.117338
-1.613920
-0.188187
0.594379
0.167258
-0.173792
-0.936959
-0.324752
0.009555
-0.099955
0.186949
-0.396808
0.091818
-0.201509
-1.371615
-0.372877
-0.970489
-2.170774
-1.271866
-0.990737
-1.022012
-0.558673
0.484969
0.668433
0.093969
0.243390
-0.233140
-0.214508
-0.018211
-0.105226
-0.085543
-0.210759
0.423082
0.298235
-0.596555
-0.228852
-1.345771
-2.235625
-1.731953
-0.737923
-0.643737
-0.187767
0.120783
0.305746
-0.006646
0.237026
0.066653
-0.079786
-0.073534
-0.032886
-0.113596
0.304087
0.652768
0.309997
-0.222591
-0.066574
-0.438889
-1.134184
-1.067658
-0.261312
0.213147
0.173051
0.665674
0.235492
-0.481858
-0.397428
-0.179733
-0.217472
-0.009886
0.021194
-0.016995
0.290251
0.723568
0.623979
-0.244711
0.643224
0.179075
-0.390294
-0.331716
-0.204040
0.082919
0.189898
0.246048
0.230766
-0.146601
-0.228205
-0.051893
-0.112572
-0.091193
-0.016563
0.013457
0.034058
0.568908
0.578614
0.458622
0.732465
-0.451481
-0.823202
-0.630365
-0.308830
-0.298445
-0.515563
0.110174
0.610640
0.261435
0.006968
0.091987
-0.104578
0.056762
0.023624
0.054669
0.233126
0.212454
0.267865
0.799990
1.069457
-0.183359
-0.562096
-0.473273
-0.119954
0.013752
0.021723
0.294307
0.236115
0.116717
-0.021144
-0.094268
-0.015977
-0.009747
0.099021
0.046269
0.025907
0.036373
-0.151037
0.308071
0.432636
0.287210
0.052441
-0.055229
-0.063522
0.116414
-0.078259
0.013948
-0.026509
0.033782
-0.115313
0.051419
-0.041916
0.026416
-0.118695
-0.108033
-0.116762
-0.039474
-0.105569
-0.147435
-0.090317
0.122632
-0.059947
-0.026753
0.083886
-0.035906
0.009887
-0.078326
0.053943
-0.048013
-0.102645
-0.100859
0.026884
0.068197
0.768879
0.074665
0.101019
0.096644
0.051319
0.001095
0.116279
-0.008350
-0.083334
-0.061167
0.071681
-0.055589
-0.006428
-0.072038
-0.080101
0.044580
-0.061991
-0.002009
0.005371
-0.071888
-0.047204
-0.091871
0.029699
0.027419
-0.060588
-0.096570
0.097027
-0.021932
0.553250
0.148634
-0.100391
-0.081060
-0.091042
0.055027
0.207550
0.048485
0.025511
0.100761
-0.038505
-0.117636
-0.094453
-0.096557
0.092849
0.098608
0.050469
-0.035833
0.088960
-0.152756
0.665278
0.568137
0.293444
0.192194
0.407654
0.202098
0.167501
0.134446
-0.023530
-0.103011
-0.034373
0.056639
-0.088291
0.111921
0.104695
-0.029382
0.073043
0.162202
0.043138
-0.375286
-0.522008
-0.125925
-0.169977
-0.306510
0.434457
0.707124
0.401417
0.186660
0.324804
0.109501
0.072970
-0.008248
-0.095205
0.065351
-0.027541
0.022716
0.017732
0.308195
0.039065
-0.561072
-0.630156
0.055476
-0.351102
-0.651048
0.206786
0.695016
0.289037
0.402221
0.756579
0.307415
0.004949
0.047417
-0.108389
-0.075587
-0.093875
-0.051317
-0.115381
-0.020991
0.114388
-0.351422
0.424198
0.091152
-0.789494
-0.513185
-0.762065
-1.094965
1.057608
1.069061
1.042203
0.692352
0.195554
0.206656
-0.124503
0.000237
0.023039
-0.108595
-0.533178
-0.260099
-0.892173
-0.001694
0.650186
-0.803444
-1.557974
-0.636944
-0.193925
-0.288676
0.978571
1.289329
0.890483
0.605570
0.480505
0.093935
0.014366
0.112893
-0.085504
-0.275966
-0.791727
-0.588707
-1.594574
0.237899
0.171923
-0.417330
-0.391086
0.097047
-0.215736
0.792389
0.284170
0.263907
0.591003
0.739566
0.630685
0.452545
-0.155369
0.032295
-0.046500
-0.083381
-0.307716
0.166518
0.500463
0.691773
-0.321982
0.164222
0.483395
0.586238
-0.606474
0.277062
-0.804549
-0.668003
0.994977
0.199271
0.243809
0.551991
0.052508
0.076760
0.171783
0.431096
0.975404
1.869207
1.823021
0.209848
2.434914
2.371533
1.426006
0.493936
-0.420159
-0.753383
-1.703477
-0.819250
0.960943
0.149349
-0.624158
0.243003
0.036089
0.090090
0.422684
0.258958
0.534178
1.941528
1.821380
1.546445
2.996572
1.623117
-0.060421
-0.133188
-0.443036
0.640184
-0.864575
-1.345536
-0.059676
-0.096664
-0.774473
-0.100731
0.115699
0.200424
0.342041
-0.329168
-0.617434
0.597685
1.502315
-0.805484
-1.677287
0.043623
0.188141
0.244864
-1.402069
0.286162
-0.578586
-0.308904
0.701907
0.326390
0.020111
-0.042523
0.193879
0.084179
0.118890
0.526760
0.463573
-0.124450
0.357669
0.068150
-0.338086
0.787193
-0.471530
0.235374
-0.489362
0.296276
-0.207922
0.157516
0.074144
-0.904643
0.049874
0.364793
0.005308
-0.021275
-0.145685
-0.000938
0.366055
0.571313
0.423589
0.585569
0.738384
-0.266260
-0.391935
0.632281
0.163368
0.019953
0.586135
0.746844
-0.159590
-0.527080
0.558720
0.710858
0.086926
-0.112067
0.046699
-0.145214
-0.212070
0.300149
0.247618
0.120832
0.192348
-0.667220
-0.300701
0.278590
-0.736821
-0.958859
0.240769
1.151134
0.512662
-0.160581
0.532257
0.690152
0.049609
-0.085482
-0.016963
-0.176592
-0.303883
0.129331
0.064672
-0.193439
0.126253
-0.525301
0.492217
0.165326
-0.710805
0.152744
0.144369
0.068918
-0.291788
-0.366204
0.396253
0.396730
0.331242
0.011750
-0.112336
-0.046009
-0.131828
-0.022330
0.169697
0.118245
0.037886
0.026883
0.473388
-0.641088
-0.287798
-0.069231
-0.063845
-0.130965
-0.201428
-0.258910
0.115360
0.032504
0.176330
0.085515
0.078174
0.006098
-0.009613
0.235229
0.175662
0.444631
0.316491
0.027611
-0.258747
-0.676360
0.105346
0.173448
0.142324
0.614109
0.381101
0.097724
-0.038675
-0.088151
-0.071068
-0.009274
0.052964
-0.081799
-0.007998
0.047979
0.054421
0.087011
-0.034366
0.092339
0.202365
0.238163
0.544569
0.495444
0.124190
0.064405
0.068899
-0.086029
-0.096873
-0.056776
0.117030
0.094440
0.026660
-0.085350
0.065834
-0.030752
0.061234
0.148775
0.036387
0.079345
0.038094
0.149518
0.124314
0.201026
0.111275
-0.000723
-0.051194
0.062225
0.014155
0.095463
-0.087735
0.940731
0.050945
-0.101068
-0.007335
0.081365
-0.022626
0.023660
-0.099872
-0.018019
0.011362
0.056274
-0.100212
0.029179
0.084680
0.018978
-0.075803
0.105630
-0.107600
-0.012467
-0.024062
-0.015109
-0.107966
-0.095377
-0.054489
-0.005228
0.019482
-0.014137
0.041909
-0.050763
0.068530
-0.046059
-0.016860
-0.097225
0.027926
-0.040410
-0.001150
0.021011
0.099830
0.044687
-0.116895
0.037286
-0.000142
-0.035205
0.107996
-0.114100
-0.103413
-0.423583
-0.381443
-0.158928
0.217898
0.317381
0.136169
0.051126
-0.019085
-0.216435
-0.165644
-0.077083
-0.125208
-0.040097
0.003867
-0.030702
-0.067488
0.076454
0.106292
-0.032081
-0.433602
-1.041286
-0.991613
-0.492876
0.643239
0.723583
0.769086
0.588571
-0.498956
-0.841595
-0.880841
-0.299930
0.042639
-0.247646
0.142399
0.060175
0.079013
-0.012236
-0.047959
-0.480036
-1.318008
-1.178286
-0.736782
0.226602
2.318867
1.338161
1.225728
0.144056
-1.766685
-0.974420
0.286577
-0.553740
-0.321456
-0.255428
0.192719
0.066952
-0.025592
-0.047081
0.057458
-1.175952
-1.363781
-1.783001
-0.791583
0.459024
1.701250
1.505530
0.545589
-0.640958
0.740768
-0.704730
-0.119970
0.213713
-0.354286
-0.061239
-0.002795
-0.057287
-0.034049
0.033742
-0.275870
-0.590384
-0.088584
-0.648129
-1.171845
0.678969
2.497576
1.056390
0.315807
1.214074
1.972801
-0.180958
-1.030984
-0.575094
0.109358
0.348157
0.079859
-0.164993
-0.034967
-0.083852
-0.145921
0.300978
0.823215
0.785927
-0.314305
0.521318
2.190405
1.916259
1.462952
0.705075
1.698072
0.213456
-0.813243
0.343853
0.841200
0.494910
0.025989
-0.042799
-0.018597
0.148910
-0.053212
-0.352550
-0.133955
0.575258
-1.639019
-0.995431
-0.000929
1.954228
1.884664
0.599053
0.856458
0.075748
-0.334207
0.128090
-0.235992
-0.711840
-0.696655
-0.086211
0.033915
0.107934
-0.506480
-1.771742
-0.377736
-0.320197
-0.905299
-1.871470
0.909295
0.890930
-0.456449
-0.403646
1.581671
0.618173
-0.759611
0.394520
-0.226821
-1.787750
-0.817013
-0.328954
-0.055044
0.342885
-0.622187
-1.156206
0.182125
-0.478900
-0.323573
-1.105159
-0.482895
-1.326946
-0.307776
0.007858
-0.228807
-0.768582
0.014363
-0.178716
-0.245052
-1.171604
-0.154899
-0.223670
-0.087711
-0.015845
-0.752204
-1.249265
-0.795400
-0.821779
-0.062395
-1.574977
0.015812
-0.459739
0.136997
1.236440
-0.568897
0.113729
-0.034476
-1.045785
-0.355439
0.829319
0.574867
-0.174310
0.043054
0.159662
-0.198719
-0.632098
0.114004
-0.358012
-1.742399
-2.452671
0.460736
0.740664
0.074866
0.472099
0.962164
0.302706
0.177480
0.193873
-0.348587
-0.032855
-0.149208
-0.146256
0.040507
0.515328
0.274321
-1.342245
-0.270129
-0.849941
-1.368741
-0.553631
-1.122322
-0.117448
-0.158441
-0.876884
0.119447
0.862521
-0.034617
1.411418
0.329529
-0.751657
-0.406170
-0.164214
-0.027322
0.480886
-0.573977
0.846484
0.783733
0.340045
0.495401
0.364278
-0.689131
0.870352
1.105728
-0.929360
-0.654904
0.190775
-0.922389
0.309219
-0.019664
-0.377020
-0.463044
-0.133477
0.090126
0.121250
-0.977547
0.753274
-0.895039
-0.938570
-1.203333
-1.034225
0.834515
0.930794
1.207144
-0.964321
-1.330702
-0.710592
-0.833293
-0.536761
0.046697
0.296635
0.101088
-0.077460
0.045841
0.011106
-1.002292
0.220880
0.439646
0.225175
-0.548906
-0.628308
0.979334
0.406910
0.229651
-0.240330
0.159767
0.567985
0.053357
0.467285
0.039215
0.208776
0.118416
0.047217
-0.119299
0.096717
-0.821265
-0.667498
0.411528
1.313831
0.402206
0.045011
0.425260
-0.204535
0.008214
-0.079490
-0.379188
-0.127058
0.125200
0.318951
0.051039
0.154371
0.126534
-0.010149
0.025588
-0.018532
0.002019
-0.045789
0.227130
0.644941
0.294692
0.060151
-0.334438
-0.035652
0.211096
-0.022835
-0.384127
-0.160388
-0.029296
-0.009230
-0.068706
0.025046
-0.114984
-0.050680
0.098869
0.111555
-0.045450
0.092823
0.167415
0.052591
-0.038279
0.104611
0.018281
0.078026
0.059729
0.020080
-0.105914
0.071905
0.015190
0.017353
0.107021
-0.082415
-0.003725
-0.002448
1.711252
-0.091437
0.097984
0.004910
-0.064907
-0.082049
-0.052551
0.016059
0.025064
-0.057120
-0.007924
0.113823
-0.050205
0.088643
-0.054824
-0.066529
0.022927
-0.100752
-0.070037
0.104120
0.088454
0.047234
0.011253
0.052527
-0.024107
-0.103172
0.008983
0.052345
0.057214
-0.017188
0.115268
0.101866
0.089372
-0.057240
-0.001371
0.007742
0.007037
-0.060309
-0.127223
-0.110860
-0.010162
0.086378
0.109906
0.033469
-0.039464
0.232137
0.207308
0.100864
0.222051
0.001495
-0.184634
-0.188612
-0.449279
-0.074836
0.467521
0.812071
0.159139
0.059434
0.300665
-0.024173
-0.042861
0.083987
-0.027735
0.037810
-0.090208
0.098621
0.289303
0.317594
-0.330869
-1.295857
-0.305872
0.619959
0.076071
0.753093
0.655508
0.327265
0.197971
0.519820
0.931646
0.163961
0.065661
-0.051459
0.101743
-0.066274
-0.478422
-0.589097
0.679850
0.978532
-0.015855
0.061731
0.860361
1.246408
0.717907
-0.498864
0.408254
0.639714
-0.128858
0.182079
1.298060
0.516937
0.038931
-0.062385
0.038080
-0.218942
-0.945105
0.012063
-0.342518
-0.606847
-0.040208
0.699459
1.098361
-0.362249
0.348788
-0.119870
0.672229
0.572692
-1.524990
-1.123467
1.107477
0.954983
0.034773
-0.017338
-0.141993
-0.610471
-1.350363
1.278020
-0.016710
-1.174857
0.397671
1.289649
0.310437
-0.815632
0.151629
-1.025900
-2.129911
-1.308127
-0.533167
0.213076
0.714662
1.095410
0.089149
0.038608
-0.085236
-1.125575
-0.142068
1.870325
-0.326512
-1.088469
-0.322930
0.804860
0.770814
-0.138657
-0.089388
-1.211954
-1.036452
-0.499651
0.802993
-0.047974
1.507721
1.599538
0.123943
-0.080939
-0.271064
-1.209905
0.722317
-0.440635
-0.609587
0.994627
0.718944
0.362598
0.046543
-0.259033
-1.415144
-0.655659
-2.136683
-2.273394
-0.199132
-1.090512
0.105790
0.466189
0.056106
0.063982
-0.571601
-0.823968
0.744033
-1.475943
0.947642
-0.125136
0.732077
0.259404
0.561535
0.213898
-0.715041
-1.400957
-1.768532
-0.561530
0.091916
-0.692500
-0.346499
0.291086
-0.098749
-0.056092
-0.515030
-0.794722
-0.387884
-0.202074
1.328826
-0.332401
0.207143
-0.398440
0.055048
-0.661186
-0.148647
-0.013319
0.165803
1.866470
1.320760
0.796939
-0.900921
0.032368
0.144255
-0.037810
0.017571
-0.251230
-0.355993
0.024485
-0.163352
0.091949
0.362153
0.202888
-1.652323
-0.820730
-0.942338
0.897092
-0.495499
0.423860
0.418276
0.920317
-0.673202
0.121925
-0.008101
-0.114260
-0.090163
0.598889
-1.165320
-0.744499
0.094602
-0.420930
0.280460
1.167179
-0.177492
1.240821
-0.587918
0.017571
0.947491
0.961356
-1.216065
0.859441
0.020121
0.120640
-0.048579
0.047613
-0.152524
0.084135
-0.298474
-0.260956
0.802798
0.118797
0.926561
0.239209
0.605486
0.664612
-0.188214
1.912773
0.885558
-0.675099
-0.306963
0.463847
0.219376
0.386950
0.014764
0.076118
-0.022874
-0.091474
0.507812
-0.065517
0.600408
0.302073
-0.543037
-1.045201
-0.249576
1.189304
0.526699
1.157411
1.044343
-0.324932
0.694818
1.121084
0.333406
0.654514
0.165332
-0.044783
-0.106347
0.552685
0.810327
-0.050412
-0.050063
0.835868
0.232253
-0.034314
-0.190681
0.951056
0.304076
-0.470359
0.268344
0.080607
-1.372230
-1.344103
0.079284
0.462356
0.057664
0.034502
-0.115519
0.434354
0.421265
0.623251
0.163518
-1.300575
-0.860762
0.925229
0.471211
-0.218025
0.207609
-0.049285
-0.216339
0.068589
-0.305805
0.154681
-0.001820
0.301927
-0.035505
0.090038
0.119763
0.255116
0.036283
1.134920
1.113420
0.432987
-0.319335
-0.249922
0.223219
-0.433085
-0.533268
-0.379433
0.846669
1.070215
0.506860
0.218363
-0.000468
-0.084973
-0.100466
-0.114923
-0.089203
-0.023488
0.109894
0.491673
0.521722
0.277547
0.426328
0.046824
-0.198160
-0.474950
-1.303725
-0.939583
-0.309240
0.040856
-0.027528
-0.120997
-0.061668
-0.121098
0.082375
0.014082
-0.096705
-0.071466
-0.068498
0.084995
-0.076786
0.015574
-0.123990
-0.025189
0.004900
-0.113347
-0.149407
-0.119465
0.096888
0.104351
0.047676
0.069406
0.009374
0.098272
-0.115955
0.587470
0.001681
-0.050998
-0.111249
-0.085499
-0.001729
0.015015
0.106257
-0.155598
-0.017260
-0.067947
-0.043888
0.024566
0.076201
0.001474
-0.060333
0.058653
0.085594
-0.056313
0.014664
0.097008
0.072674
0.116686
-0.078937
-0.082163
-0.132869
-0.071251
-0.013132
0.446757
0.225622
0.054106
0.039425
0.080939
-0.067774
-0.074526
-0.237204
-0.038529
0.100557
0.023301
-0.104631
0.076291
0.117701
0.084647
0.093242
0.158744
0.587226
0.625052
0.679519
0.694206
0.198137
-0.307620
0.157102
0.166383
0.428105
0.203317
-0.229178
0.187593
0.098362
0.173225
0.002878
-0.044341
0.076425
-0.087094
-0.071695
0.455038
1.244952
0.914387
0.064083
-0.363351
-1.078480
-1.552988
0.177344
0.712327
-0.086360
0.200300
-0.325451
-0.556915
-0.156960
0.234128
0.120516
0.030457
0.103615
-0.044848
-0.134440
0.599737
0.897671
0.625311
0.373460
0.312475
0.010624
-0.849324
-1.838513
0.794449
-1.004240
-1.240612
-0.382614
-0.678688
-0.493424
0.356157
0.083952
-0.045812
0.111804
0.124314
-0.154551
0.530826
1.048201
0.555166
-0.353247
0.245168
0.322657
-0.988810
-1.948706
-0.864965
-2.373566
-1.576564
-0.134706
0.882918
0.644910
0.828442
0.541719
0.173570
0.126284
-0.115990
-0.319647
-0.196348
-0.322581
-0.762387
0.517352
0.211962
0.172584
-1.028358
-1.164545
-0.221215
-1.259301
0.929634
0.080945
-0.493612
0.004559
-1.522303
0.633532
0.320768
0.061875
0.117840
-0.028549
-0.115991
0.623311
0.340233
0.772908
-0.406454
-1.341967
-1.237069
-0.711465
-0.254913
0.709505
0.884893
1.477010
-0.766812
0.099843
1.013374
1.462629
0.079219
0.020322
0.372971
0.371311
1.931578
2.008366
1.349287
0.551928
0.363256
-1.657494
-1.942548
-1.663241
-0.572820
0.367876
-0.450388
-0.285043
0.373887
-0.715556
-0.287882
1.325263
-0.092138
0.009279
0.215914
-0.597731
0.634859
0.611250
0.501802
1.986193
0.401224
-2.689050
-2.039572
1.163288
-0.672650
0.214598
-1.429222
-0.554859
0.263697
0.489060
0.586847
1.114012
0.378049
-0.021121
0.166595
-1.750830
0.141845
-0.495522
2.079841
2.817987
1.969371
-0.517552
-2.535867
-0.735364
-3.083292
0.330846
-1.094082
0.556059
-0.141043
-0.113533
-0.823193
1.044238
1.069458
0.098344
0.083743
-0.881574
0.623741
0.591567
2.223826
0.663605
1.563875
0.085542
0.031967
0.800107
0.614430
-0.950200
-0.709616
-1.428381
-0.852120
-0.559998
1.101269
1.178985
0.384496
0.059617
-0.057968
-0.273103
-1.674158
1.226330
-0.508206
0.816479
0.641289
1.933977
0.133505
0.729446
1.169302
-0.411548
0.031290
-0.723708
-1.051085
0.311605
0.199344
1.321121
0.623332
-0.003318
-0.123101
-1.039231
-1.117130
0.717161
0.542848
0.738817
-0.447549
0.623762
-0.211543
0.311742
-1.115673
1.000793
-1.843061
-0.187264
-0.740230
-0.668491
-0.380871
0.409631
0.151793
0.039408
0.040338
-0.379505
-0.959662
-1.305451
0.514013
1.367247
1.443075
3.087896
-1.121670
0.525596
0.059659
0.184073
-1.051527
0.618330
-0.018592
0.181630
0.008449
0.594907
0.105640
0.058712
-0.024909
-0.115318
-0.966418
-1.225490
-0.753541
0.033956
0.909346
0.983805
-0.278163
0.237000
-0.411091
0.848031
0.907545
0.580393
-0.471686
-0.170042
1.174209
0.599967
0.387654
0.063382
-0.113458
-0.040369
-0.747139
-1.930023
-2.219845
-0.795866
1.321419
1.166193
1.426720
-0.214369
-0.390596
0.765212
0.388850
-0.309753
-1.060086
-0.667868
0.682401
-0.067953
0.162152
0.103294
0.052534
0.115044
-0.120204
-1.173101
-1.991344
-1.695347
-0.615524
0.000328
-0.324643
-0.784928
1.437580
1.009263
0.496744
0.602095
0.218875
-0.070179
-0.117041
0.019475
-0.052279
0.051410
-0.029960
-0.082116
0.107764
-0.280858
-0.661606
-0.635745
-0.497298
0.278192
0.711875
0.121829
1.032914
0.250692
0.069784
0.068156
-0.086787
-0.034900
0.103417
-0.096572
0.083894
0.098715
-0.106611
-0.050772
-0.062756
-0.046121
0.003248
-0.123962
-0.025119
0.044691
0.156084
0.114264
0.117823
-0.080248
-0.091790
-0.090742
-0.096505
0.038864
-0.091252
-0.103436
0.041985
-0.870455
0.060515
0.071247
0.071781
0.027055
0.017824
0.013427
-0.063486
-0.030711
-0.022974
0.010916
-0.009182
-0.009782
-0.104413
0.023009
0.101967
0.007873
0.008881
0.043367
0.035610
-0.104769
0.112914
0.071987
-0.015243
-0.115549
-0.097427
0.044143
-0.046129
0.165520
0.208885
-0.016181
0.080378
-0.083390
-0.053143
0.022231
0.092298
-0.026443
0.059971
-0.089375
-0.069463
0.096218
-0.072255
0.115951
-0.006346
-0.036339
-0.050295
0.145105
0.143334
0.189948
0.294357
-0.129313
-0.271894
-0.029719
-0.089882
0.109347
0.069529
0.126954
-0.064536
0.068619
0.046394
0.072970
0.085670
-0.074899
0.001314
-0.026874
-0.047644
0.416960
0.049190
0.290608
-0.066354
-0.639205
-0.254285
-0.173473
0.031558
-0.007041
0.171392
-0.018569
0.157821
-0.059622
0.017913
0.108527
-0.056653
-0.091872
-0.002587
-0.089628
0.092723
0.288720
-0.201974
-0.538265
-0.469630
-0.312771
0.445362
0.130667
0.494922
-0.061891
-0.094063
0.324745
0.176449
0.177413
-0.064454
0.014866
-0.018374
-0.004831
0.122740
-0.264510
-0.343667
0.212069
0.235359
-0.118309
0.351344
-0.063269
0.100984
0.372945
0.151806
0.084983
0.320047
0.457960
0.660250
0.164166
-0.095915
0.057325
0.091258
-0.034048
-0.129771
-0.476691
-0.216186
0.424582
0.356732
0.327808
0.942231
-0.017049
0.080340
-0.066995
-0.171057
0.558861
0.898149
1.252794
1.179414
0.271302
-0.028348
0.008977
0.003819
0.161361
-0.142765
-0.063554
0.378666
0.376871
0.644109
1.057386
1.369604
1.072770
0.772674
0.083022
-0.213143
0.304130
0.296150
1.134401
0.904719
0.539827
-0.126707
-0.155716
0.125339
0.034402
-0.166006
0.147189
-0.391686
0.268846
0.672231
-0.187659
1.221021
1.288413
0.816916
-0.142699
-0.633301
-1.103284
-0.736293
0.824999
2.090320
1.116454
0.016369
-0.167518
0.013534
0.020988
-0.198894
-0.103993
-0.316369
0.611645
-0.143071
-1.112487
0.492704
0.986589
-0.172751
-0.205118
-0.105331
-0.903517
-0.605706
1.466127
2.185212
0.125208
-0.413174
-0.059919
-0.010057
0.020275
-0.098759
0.047340
0.223363
0.347543
-0.601145
-0.321012
0.623482
0.029479
-0.377965
0.118550
0.595639
-0.416698
-1.078363
0.061676
0.661482
-0.426518
-0.756565
-0.305085
0.102164
0.221784
0.081463
0.884811
1.158628
0.368908
-1.758544
-0.317623
-0.004655
-0.552754
-0.769093
-0.052178
0.752142
1.215251
1.040744
0.739937
0.955945
-0.270483
-0.098661
-0.052130
0.087743
0.117661
0.129248
0.639998
1.493279
0.758604
-0.204654
-0.049577
-0.107072
-0.459570
0.693520
0.173562
0.032069
1.130922
1.122337
0.322017
-0.083040
0.045441
0.018413
0.051890
0.033273
-0.028520
0.020713
0.429503
1.228459
0.962635
-0.226670
0.306180
0.386671
-0.521582
0.084622
-0.217222
-0.210862
0.049799
-0.054696
-0.482697
-0.381442
-0.113650
0.370911
0.061432
0.092030
-0.020513
-0.079036
0.219172
0.804523
0.718421
0.152972
0.777872
-0.047689
-0.835434
0.430202
0.399616
0.531399
0.381284
0.305063
-0.181254
-0.214679
-0.247910
-0.071348
-0.119268
0.059938
0.012429
0.055759
-0.007575
0.309432
0.587824
0.261011
-0.061892
-0.113230
0.076830
0.590457
0.267804
0.287219
-0.229552
-0.563996
-0.304210
-0.061067
-0.282343
-0.154576
-0.065018
0.072147
0.036363
0.096999
-0.020736
-0.034796
0.164796
0.253469
0.218500
0.013741
0.537086
0.755715
0.304338
0.143897
-0.167636
-0.316830
-0.224902
0.055494
-0.216772
-0.101468
-0.057671
-0.002860
-0.002074
-0.002632
-0.030306
0.084232
0.307672
0.107052
0.020227
-0.204076
0.146630
0.374880
0.413776
0.195085
0.159191
-0.255544
-0.154708
0.136679
-0.110127
-0.078131
-0.039232
-0.056253
-0.061661
-0.116154
-0.083152
0.060446
0.046737
-0.090250
-0.177182
0.028712
0.121599
0.007198
0.146477
0.078535
0.111237
-0.086981
-0.077955
0.087424
0.025820
-0.071420
-0.000337
-0.003376
0.074975
-0.092561
-0.027130
-0.032968
0.082099
0.112334
0.061150
0.030287
-0.092383
0.072272
-0.053549
0.013447
-0.108689
0.082917
-0.049356
0.067772
-0.046515
0.084314
0.012454
-2.614864
0.096318
0.091819
0.061013
0.107833
-0.082147
0.018270
-0.118487
-0.007732
0.055146
0.090127
-0.026728
0.090165
-0.091778
0.027852
0.057663
0.017747
-0.102777
0.097664
-0.076626
0.115026
0.060685
-0.049842
-0.061640
-0.093265
-0.058706
0.057810
-0.027557
-0.008223
-0.081671
-0.010693
0.057769
-0.055768
0.008923
-0.092927
-0.416175
-0.024093
-0.051687
0.084544
-0.069341
-0.112300
-0.008225
-0.023853
-0.044510
0.098635
0.505535
0.655031
0.140768
0.135441
0.350797
0.139384
-0.082776
0.215433
0.362789
-0.034838
-0.535438
0.065836
0.122106
0.210902
-0.029793
-0.089231
-0.118603
-0.001063
-0.056194
0.456644
0.592163
0.052005
0.045272
0.464364
0.411025
-0.158182
-0.399096
-0.196280
0.429521
0.235345
0.012624
-1.005286
0.476012
0.537260
0.078926
0.106590
0.064022
0.092230
-0.050114
0.858300
1.074605
0.402894
0.976745
1.667447
0.421108
-0.113111
-0.826084
-0.716396
-1.154189
-1.177308
0.276509
-0.599794
-0.736319
-0.121151
0.291813
0.029930
0.034061
-0.034430
-0.064037
1.332824
1.653234
0.649777
1.433203
0.948357
-0.083580
-0.690520
-1.288526
-0.495286
-1.804787
-1.819651
0.286120
0.056331
-0.427582
0.455398
1.118491
0.111061
0.105013
-0.204633
-0.166828
0.864009
0.736443
-0.423195
-0.062701
-0.912288
0.482762
0.422880
-0.279002
-0.247408
0.796179
0.330644
-0.795916
-2.003631
0.359082
0.580900
1.350214
0.086915
0.040193
-0.122126
0.064526
0.478043
1.027980
-0.473922
-0.652754
-0.820600
0.769492
0.274778
-2.000035
-1.354097
-0.866584
-0.392744
-0.808912
-0.950345
0.925341
0.904626
1.136706
0.065553
-0.022824
0.164969
0.014044
0.546802
0.825292
-1.163959
-0.651183
-0.220527
-0.595711
-1.277375
-1.525409
-1.487877
-0.982029
-0.848241
-0.582516
-0.164295
-0.261006
-0.983264
1.033934
0.341330
-0.090448
-0.104988
0.357157
0.851111
0.280363
-0.202178
0.902335
-1.269111
-0.799041
0.596243
0.858698
1.286452
0.832978
0.581510
-0.886729
-0.382798
-0.577639
-1.680432
1.061428
0.247025
0.015870
-0.072304
-0.256370
-0.042720
-1.309150
-0.439388
1.339759
0.272036
1.784820
3.197054
1.451516
0.593690
-0.090884
-0.134011
-1.281582
0.026434
-0.050830
-0.908268
0.766133
0.126025
0.106062
-0.140799
-0.417286
0.179815
0.308019
-0.206540
1.460719
1.874671
0.797623
2.767575
1.607083
0.521534
-0.950091
0.413492
-0.856675
0.507405
-0.456560
-0.666598
0.226919
0.187799
0.065928
-0.050973
-0.412293
-0.981448
-0.123536
-0.351990
-0.705653
1.025288
1.604564
1.732302
0.338963
-0.542847
-0.875173
-0.012499
0.269222
1.443019
-0.783691
-0.343704
0.772181
0.262763
0.044382
-0.067954
-0.329551
0.367227
0.280623
-0.152061
-0.083596
0.910222
1.929192
0.641873
0.034421
-0.816664
0.279316
-0.153040
0.624238
1.393382
-0.678633
0.306095
0.496199
0.198021
-0.091828
-0.050999
-0.630081
-0.212074
-0.442520
-0.682665
0.654563
0.605436
1.834163
0.314105
0.481684
-0.690865
-1.041496
-1.038927
0.233011
-0.007763
-0.040652
0.684688
0.497159
0.081564
-0.060170
0.037806
-0.385460
-0.937465
0.029676
0.011379
-0.294274
0.142857
0.798998
0.767638
0.207412
-0.150679
-1.198674
-1.621356
-0.525907
-0.515133
-0.393061
0.087192
0.360384
-0.015406
-0.106983
-0.029293
-0.110965
-0.533496
0.199346
0.235061
-0.350689
-0.531301
-0.515363
-0.845555
-0.864641
0.423411
-1.192283
-0.970308
-0.625947
-0.707760
-0.722969
-0.051582
0.052849
-0.071733
0.111108
0.016776
0.133930
-0.076115
-0.211881
-0.467101
-0.200968
-0.835346
-1.219069
-1.111397
-0.471838
0.175019
-0.542227
0.182153
0.750814
0.023393
-0.103527
-0.061608
-0.058542
-0.073482
-0.012291
-0.012685
-0.016803
0.024913
-0.251585
-0.145046
-0.077526
-0.488090
-0.216563
-0.201803
0.163795
0.018671
-0.095347
-0.051231
-0.050785
-0.046474
-0.028520
-0.020138
0.066406
0.095662
0.103335
-0.114267
0.005461
0.013298
-0.300160
-0.153827
0.031943
0.077302
-0.036780
0.078817
0.111550
-0.047270
-0.040944
-0.037748
0.015204
0.017983
-0.017506
-0.089590
0.012386
0.012373
-2.576160
-1.142552
-1.187037
-4.865184
-8.656745
-4.270874
7.683923
-1.987207
4.467861
0.474671
1.417431
-1.018998
2.096837
-8.576984
0.042675
7.695892
2.100009
2.831050
-4.754852
1.430396
-2.194915
-6.687122
2.106462
0.028178
2.301801
2.770157
-3.595923
2.745400
6.465566
-1.321587
-7.418503
2.641479
3.964174
1.276672
2.955388
-7.693080
-3.882369
-7.238416
-3.856875
4.896599
3.769649
-2.351428
6.411892
-7.376208
1.311715
0.237873
3.277303
-8.035500
-6.337159
2.663544
-3.131832
-4.767296
-2.152717
5.564278
-0.218085
-8.414958
5.132485
3.578808
-4.159035
-1.138239
-1.976889
-9.642078
-4.783556
8.855835
-3.609171
-4.897816
-7.782316
-0.741739
-1.101707
2.091267
-4.765450
-5.666536
-0.033626
-3.937679
4.382919
1.240219
-5.341563
6.735457
-4.013655
0.106978
4.894500
3.767975
4.306940
0.687783
-0.034087
5.895167
-6.937607
-3.013835
2.121069
-6.455644
4.377565
-3.167990
-4.341797
2.379576
1.908787
-5.481170
3.363503
-0.627453
-8.020498
4.341382
1.747200
-10.584417
-2.205373
-4.264292
-0.140615
-10.486458
4.503685
-8.256330
4.183566
-7.995884
-1.823536
-9.322921
-1.117543
4.467877
-2.017499
-1.639543
-6.233456
4.301381
-6.431292
-0.256848
-5.861497
2.825924
0.260331
5.289651
3.160527
2.698980
4.543506
-4.385775
-0.155886
-7.661203
-3.725352
-6.189394
-7.704767
2.328299
-4.256028
-1.285073
2.436971
-0.268960
2.030687
-0.787793
0.953999
8.106087
4.866513
-0.880956
6.664766
-1.921235
2.037347
2.407649
-3.622598
-6.023803
-1.771286
7.477637
-3.184658
-6.070854
-1.105738
-4.280064
-3.359471
0.625531
-3.011190
1.582704
-6.029801
-3.262992
-3.381609
-5.959930
-7.992119
-1.538495
8.804153
-1.494316
3.649309
6.313553
-5.256686
-3.931509
-0.510154
2.228842
0.564136
-1.708753
4.395066
-3.506880
-3.717894
-1.535827
5.048290
2.695115
-6.912953
0.377779
-4.553404
-5.575181
-0.181915
5.243971
-5.691474
11.287953
3.991858
11.457105
-4.064759
-7.347282
-0.558687
-7.389127
-2.198368
-2.195760
-7.916052
-1.195708
0.455275
-3.400980
-6.312945
0.692271
-7.133908
-1.054867
-5.141240
-0.004960
-6.860571
-1.957034
-9.345509
4.436318
7.363224
-8.553109
-1.257116
-1.523090
-1.419674
3.429399
-8.419711
-5.248566
2.556869
-1.155286
-2.872754
1.265253
9.121308
-2.630700
-3.650218
-3.119112
-1.341685
3.185554
0.465708
8.320400
-6.954634
3.918822
-5.286234
10.196897
2.272428
6.559742
-0.694740
-3.671324
-3.412688
-4.696413
1.049679
6.496905
-4.275402
-0.578827
-0.492376
2.821333
2.465304
-3.914448
-9.205439
-1.557312
-0.169023
2.108797
-1.904799
-2.853493
0.702504
1.689886
-7.135024
-6.227898
