0.245292
0.091134
0.044299
0.024869
0.086970
-0.033351
0.005364
0.079453
0.053143
-0.068960
0.087088
0.087887
-0.073393
-0.022436
-0.010218
0.061934
-0.091140
-0.081704
0.056635
-0.022252
-0.030044
0.015409
0.038303
-0.039703
-0.018918
-0.047916
-0.026469
-0.021440
0.051757
0.081814
-0.050493
0.011588
0.044581
-0.089991
-0.021608
0.086723
-0.052275
0.037038
0.017376
-0.030257
0.017145
-0.087669
-0.057804
-0.057418
-0.057363
0.063667
-0.077109
0.007716
-0.031981
-0.147959
-0.013837
-0.116411
-0.026045
0.030606
-0.049265
0.136603
0.131369
0.110369
-0.049778
-0.061937
-0.031520
-0.014573
0.072404
0.018625
-0.038622
0.065089
-0.038773
0.084788
-0.073015
-0.150437
-0.109057
-0.044404
-0.038403
0.103256
0.235211
0.267147
0.167798
0.099782
0.155951
-0.052497
-0.016918
-0.080039
-0.058745
0.094508
-0.067457
0.128893
0.110031
-0.092069
-0.328131
-0.324387
-0.123257
0.072903
0.156380
0.489678
0.573849
0.525499
0.173781
0.052931
0.038877
0.090156
0.064582
-0.010033
0.009973
0.076261
-0.028935
0.034809
0.033059
-0.209558
-0.337023
-0.383928
-0.248384
0.150618
0.319337
0.323738
0.599389
0.638491
0.111025
-0.029250
0.008450
-0.053010
0.014017
0.044298
-0.072815
0.060744
0.097661
0.216779
0.239343
-0.235767
-0.421057
-0.420081
-0.080116
0.474595
0.347967
-0.200897
-0.028935
0.387707
0.239336
-0.003102
0.132401
0.108104
-0.039020
-0.023750
-0.068887
0.109999
0.214353
0.294732
0.146029
-0.234645
-0.445709
-0.237598
0.179303
0.748005
0.244581
-0.505876
-0.382246
0.124440
0.291914
0.216734
0.130851
0.064893
0.012867
-0.075354
-0.003848
0.097502
0.168650
0.200763
0.275464
0.048916
-0.114623
-0.006346
0.203395
0.118370
-0.119696
-0.343384
-0.319802
0.190101
0.391439
0.090601
0.114781
0.147735
-0.068851
0.066685
0.078466
0.065169
0.192580
0.065301
0.253148
0.108325
-0.137513
-0.217928
-0.113637
-0.145638
-0.236816
-0.587659
-0.210354
0.176515
0.125221
-0.142691
-0.029526
0.177754
0.030880
0.037726
0.000565
-0.011327
0.132967
0.071090
-0.074074
0.007753
-0.016478
-0.489088
-0.642874
-0.469065
-0.411140
-0.307156
0.059154
0.147446
-0.076789
-0.005572
0.063877
0.049916
-0.001107
-0.019686
0.069297
-0.010532
0.112579
-0.051370
0.207080
0.241597
-0.191849
-0.500343
-0.654804
-0.371989
-0.207560
0.194512
0.197932
0.042451
-0.111173
-0.103255
-0.067596
0.154949
-0.075155
0.081365
0.034759
0.080681
0.078218
0.088581
0.250743
0.328435
0.095149
-0.226882
-0.112770
-0.165938
-0.092010
0.254786
0.262762
0.085034
-0.046078
-0.229921
-0.127838
-0.029417
0.002213
0.070692
-0.005138
0.002322
-0.088975
0.020961
-0.047157
0.139174
0.089287
-0.233152
-0.038296
0.160979
0.090339
0.231203
0.277733
0.099318
0.180581
0.017587
-0.025760
0.010061
-0.023491
0.071308
0.073229
0.039910
0.068982
0.151978
0.069798
0.204087
-0.119195
-0.397673
-0.046525
0.153722
0.068320
0.203789
0.219346
0.235635
0.194091
0.038385
0.043383
-0.028191
0.056884
0.038063
0.007044
-0.088393
0.095614
0.161323
0.245834
0.191086
-0.227349
-0.350880
-0.300304
0.194292
0.278000
0.260217
0.250521
0.184237
0.074934
0.124546
0.118631
-0.020316
-0.080141
0.014708
-0.039210
0.018759
0.079558
0.097281
0.286024
0.166046
-0.011837
-0.112590
-0.186882
0.069686
0.194266
0.321760
0.301780
0.055622
0.000819
0.113674
0.030429
0.076437
-0.086176
0.041557
-0.055830
-0.080765
0.120331
0.093313
0.242164
0.366938
0.159916
-0.010178
-0.063052
-0.019597
0.032982
0.167229
0.061808
-0.047707
-0.020141
0.012167
-0.030489
-0.045901
0.074418
-0.084777
-0.045289
0.089831
-0.033514
0.088713
0.057603
0.112794
0.146089
0.073091
-0.043952
0.043168
0.100354
-0.002504
0.103022
0.000438
-0.118901
-0.103589
-0.031540
0.013039
0.003156
-0.000163
-0.034014
-0.087652
-0.029923
0.085690
-0.059214
-0.015480
-0.067802
-0.010380
0.079555
0.058096
0.060962
0.085394
0.057941
-0.027956
-0.018859
0.003244
0.047586
-0.011127
-0.008628
0.236790
-0.085586
-0.059886
-0.051451
0.081039
0.072139
0.091519
-0.077503
0.040329
0.082761
0.020407
-0.021894
0.080891
0.054100
0.051575
0.065584
-0.018019
0.030812
0.061318
0.035326
0.023494
0.058132
0.016563
-0.072314
0.015734
-0.026609
0.071643
0.099029
0.010889
-0.051672
0.072278
-0.035488
-0.009750
-0.083101
-0.001385
0.025335
0.022666
-0.034881
-0.084786
-0.054215
-0.072184
-0.029470
0.055945
-0.058297
0.040255
0.014850
0.020089
0.082822
0.194266
0.255002
0.030874
-0.027355
0.058951
0.064330
-0.067911
0.062390
-0.065579
-0.049978
-0.098579
0.025682
0.033489
-0.017241
-0.050012
-0.007941
0.078207
-0.009544
0.080418
0.033188
0.311146
0.320879
0.084971
0.148097
0.048558
0.002082
-0.357550
-0.348653
-0.124335
-0.107706
-0.029441
0.073861
0.004672
0.039230
-0.023514
0.037673
0.025556
0.001094
-0.051747
-0.053821
0.286980
0.214304
0.193391
-0.007314
-0.081136
-0.056763
-0.188558
-0.452665
-0.199766
0.032752
-0.009704
-0.049892
-0.043192
0.006467
0.067521
0.080603
-0.026992
-0.294704
-0.017501
0.040944
0.281485
0.341978
0.100061
-0.173490
-0.536324
-0.132709
0.040682
-0.208015
0.050538
0.033765
-0.104281
0.023425
0.057294
-0.016625
0.095218
-0.073292
-0.116022
-0.470023
-0.289498
0.178198
0.450926
0.072145
-0.261811
-0.031348
-0.181772
-0.360124
-0.129420
0.137348
0.108184
-0.011029
-0.056405
0.127712
0.020866
0.046401
0.021436
-0.131892
-0.292839
-0.586074
-0.524635
0.034506
-0.163870
-0.475034
-0.489957
-0.204811
-0.265971
-0.343602
0.035253
0.298361
0.326183
0.035806
-0.028216
0.064033
0.088421
0.022777
-0.059937
-0.152172
-0.449584
-0.880249
-0.520375
0.119087
-0.187642
-0.486346
-0.558687
-0.454501
-0.502784
-0.363739
0.017071
0.372832
0.401963
-0.125042
-0.008457
0.163070
-0.027211
-0.031572
0.040614
-0.195193
-0.528748
-0.707445
-0.261175
0.303487
0.610542
0.155601
-0.019303
-0.213461
-0.266754
0.129970
0.224147
0.247269
0.135188
-0.087636
0.013107
0.206406
0.099682
0.055741
0.073592
0.022772
-0.390422
-0.695087
-0.330950
0.715362
1.046534
0.547124
0.161516
0.017453
0.032842
0.383235
0.440128
0.020993
0.024944
-0.047231
-0.074662
-0.053314
0.005791
0.035741
0.087517
0.093702
-0.141005
-0.840192
-0.511107
0.336328
0.606656
0.278448
-0.256677
-0.259098
-0.415043
-0.036858
-0.120430
-0.149379
-0.012973
0.083652
-0.151612
0.071658
-0.004632
0.038271
0.013740
0.065243
-0.318147
-0.862680
-0.449530
0.422382
0.276166
0.003732
-0.708801
-0.165227
0.347265
0.223162
0.025969
-0.003423
-0.241616
-0.262145
0.086265
0.153682
-0.051727
-0.018928
0.140079
0.034956
-0.044703
-0.325611
-0.105335
0.537222
0.170017
-0.225435
-0.342354
0.069544
0.141659
-0.206002
-0.005769
-0.274562
-0.451669
-0.354939
-0.225273
-0.122373
-0.017323
0.062188
-0.054327
0.061183
0.134853
-0.007232
-0.229701
0.110948
-0.094413
-0.390954
-0.233858
-0.011901
-0.043182
-0.166034
-0.184179
-0.457031
-0.300570
-0.151591
-0.136219
-0.032040
0.026550
-0.050735
0.088047
0.052652
0.148687
0.106617
-0.026769
0.232423
-0.007674
-0.092627
-0.098967
0.025512
-0.072020
-0.288527
-0.394533
-0.381782
-0.147823
-0.196383
-0.090686
-0.024749
0.082464
0.041720
0.087788
-0.078066
0.109611
0.192421
0.354740
0.245226
-0.125167
-0.170143
-0.176225
0.020079
-0.028736
-0.162249
-0.161308
-0.142914
-0.218065
-0.097144
-0.073366
-0.042867
0.068144
0.015521
0.078054
-0.016134
0.043350
0.114591
0.335226
0.486623
0.027932
-0.039510
-0.179171
0.063044
0.005269
0.016305
-0.113264
0.059346
-0.059498
-0.046971
-0.059655
0.071083
0.011875
-0.082474
0.034270
0.040276
-0.016623
-0.004722
0.202544
0.166316
0.141666
0.093501
-0.014235
0.039936
-0.016526
0.049437
0.057075
-0.068861
0.108471
-0.023986
0.078622
-0.048791
0.040672
0.080182
0.017815
0.019109
0.068189
-0.081991
0.020654
0.084317
-0.000079
0.002483
-0.060636
0.022125
0.016250
-0.033261
-0.037410
-0.010726
0.011490
-0.058980
0.043753
0.023607
-0.031786
-0.775026
0.080016
0.024044
-0.062174
-0.089157
-0.088059
0.011513
0.021484
0.061007
-0.026972
0.017629
0.018110
-0.052588
-0.004305
-0.028675
0.017632
0.072884
0.044683
-0.049232
0.016135
-0.039986
0.047444
0.051059
0.016504
0.040989
0.041672
-0.078209
-0.026051
-0.075943
0.057312
0.088520
-0.017258
-0.015929
0.076121
-0.040168
0.057617
0.062306
0.084383
0.061040
-0.033297
0.055357
-0.051990
-0.027614
0.060376
-0.063284
-0.111904
-0.123187
-0.019221
0.035740
-0.055984
-0.079811
-0.046467
-0.019282
-0.079347
-0.361890
-0.286337
-0.057751
0.012424
-0.128083
-0.081762
-0.086470
0.077192
-0.048336
-0.009173
-0.012142
0.030289
0.033714
0.102961
0.135446
0.275190
0.065334
0.096479
-0.014111
-0.360341
-0.680933
-0.589884
-0.112215
-0.224123
-0.352233
-0.038771
0.097233
-0.034409
-0.070224
-0.070349
0.004795
-0.102980
0.015796
0.143619
0.063506
0.313709
0.046686
0.130823
0.162028
-0.074692
-0.357240
-0.394602
0.122336
0.082918
-0.276547
0.059356
-0.015734
-0.077972
0.056194
0.010052
-0.105420
-0.086510
0.025044
0.079925
-0.038655
0.003240
-0.151326
0.219176
0.394068
0.331486
0.141136
-0.517498
0.016182
0.223087
-0.372565
-0.063750
0.015101
-0.081940
-0.042506
0.086096
0.041004
0.017892
0.016885
0.057819
0.201308
0.058525
-0.033924
-0.347914
0.121667
0.905278
0.534764
-0.288847
-0.114072
0.103186
-0.257899
-0.037611
-0.030251
0.029028
-0.037577
0.052732
0.186476
-0.004480
0.235319
0.387437
0.551984
0.196804
-0.223666
-0.480559
0.236375
1.404912
0.814917
0.168716
0.196894
0.100451
0.095968
0.103696
0.115867
0.063821
0.017201
-0.060509
-0.001734
0.159108
0.030535
0.229389
0.549109
-0.293639
-0.221434
-0.018078
0.215027
0.975687
0.884370
0.612947
0.245425
0.461709
0.214988
0.255319
0.001836
-0.031925
0.004839
-0.105886
-0.198957
0.441428
-0.115860
0.187963
0.295485
-0.376239
-0.506578
-0.236025
-0.419974
0.292734
0.317505
0.223295
0.520935
0.426910
0.086207
0.164945
0.032725
-0.089606
0.128745
-0.008929
0.015208
0.326749
-0.020758
0.106369
-0.372830
-0.659710
-0.572694
-0.222504
-0.485061
0.212711
-0.012083
-0.269097
0.141555
0.094875
0.336735
0.400473
0.083322
-0.080101
0.079429
0.054016
-0.115043
0.065497
0.312533
-0.153083
-0.419077
-0.126888
-0.073010
0.100987
0.080142
-0.125565
0.003944
-0.149319
-0.227657
-0.154793
0.407135
0.367597
0.026314
-0.040840
0.031297
0.032779
0.036219
0.061504
0.078570
0.227226
0.094149
-0.185338
-0.381838
0.123646
0.050574
-0.181830
-0.075022
-0.105386
-0.173994
-0.207457
0.151742
0.228556
-0.034874
0.010939
-0.005783
0.059515
0.151943
0.038764
-0.311590
0.264244
0.320771
-0.138894
-0.204833
-0.203897
-0.280553
-0.480969
-0.372147
-0.174629
-0.076170
-0.241910
-0.132463
-0.048860
-0.059934
0.055040
0.094698
0.016135
0.188305
0.105087
-0.372518
-0.190611
0.339169
0.570048
0.207385
-0.464634
-0.377199
-0.150194
-0.245877
-0.260904
-0.122538
-0.245216
0.056973
0.033171
0.010320
0.002394
-0.014236
-0.010876
-0.017545
0.112447
0.008058
-0.076602
0.290580
0.806947
0.395435
0.043235
-0.107582
-0.224411
-0.248178
-0.212951
-0.077976
0.052759
0.084727
-0.002555
0.095845
-0.076373
0.032028
-0.008127
-0.024204
-0.175895
-0.189528
0.068025
0.344881
0.549745
0.629762
0.398245
0.169793
0.020374
0.152844
0.171163
-0.032323
-0.008556
0.014261
-0.035339
0.093105
-0.091102
-0.006650
-0.078328
-0.035276
-0.149842
-0.143479
-0.196691
-0.035097
0.182026
0.264886
0.185435
0.136958
0.145057
0.137782
0.083388
-0.054255
0.020224
0.085363
0.006309
0.044996
0.035927
0.028686
-0.058779
0.035811
0.018602
-0.063307
-0.173167
-0.272523
-0.048640
-0.085767
0.062903
0.102386
0.113581
0.035909
0.012170
0.035971
0.054729
-0.073587
-0.003277
-0.035979
0.080632
-0.055675
0.006165
0.075602
0.050040
0.047566
-0.072879
-0.051231
-0.028505
-0.044631
0.005238
-0.017595
-0.007821
-0.021078
0.073732
0.060247
0.073492
0.008898
-0.014358
-0.080638
0.124195
-0.063845
-0.088378
0.035002
-0.016732
-0.013314
0.058051
-0.060975
0.091889
0.053438
-0.001457
0.076776
0.082373
0.071428
0.061447
0.074565
0.089347
-0.020342
0.068942
-0.058191
-0.030951
-0.086741
-0.014933
0.068218
-0.005347
-0.066075
-0.044500
-0.010780
-0.056440
0.028988
-0.112685
-0.029045
0.028233
0.000637
-0.002238
-0.072286
-0.008334
0.025006
-0.090432
0.038084
0.042069
-0.051528
-0.020240
0.036220
-0.032782
0.059882
0.045081
0.069614
-0.106553
-0.132451
-0.013729
-0.048030
0.040374
0.025492
-0.072504
-0.024024
0.041714
0.059008
-0.000721
-0.018614
0.044498
-0.084104
-0.041274
-0.081889
0.078148
-0.017131
-0.065442
-0.028897
-0.110147
-0.248758
-0.045083
-0.041491
-0.016362
-0.095711
-0.055634
-0.079475
-0.079908
-0.126008
-0.053141
-0.039869
-0.069870
0.067073
-0.073523
0.053279
0.136765
0.106866
0.072450
-0.304296
-0.346907
-0.324528
-0.070253
0.279082
0.271155
0.128082
0.002593
-0.137497
-0.094511
-0.074364
-0.225121
-0.071368
-0.056434
0.035178
0.088258
0.038460
0.203909
0.184287
-0.245373
-0.399764
-0.609238
-0.217963
0.186433
0.644199
0.619018
0.438556
0.150837
-0.146049
-0.101937
-0.272172
-0.500685
-0.196893
-0.105307
0.071186
0.041867
0.063304
0.222529
0.239853
-0.274803
-0.487303
-0.487676
0.095039
0.265428
0.458175
0.443332
0.343458
0.130086
-0.083312
-0.208882
-0.331867
-0.230102
-0.214328
-0.092160
-0.070015
0.045508
0.086387
0.300968
0.155153
-0.566941
-0.433134
-0.339919
0.078784
0.333483
0.192741
0.017455
-0.151918
0.146527
0.112762
0.101543
-0.268073
-0.201036
-0.373467
0.003414
-0.011717
0.094241
0.128592
0.465267
-0.125160
-0.697936
-0.464781
-0.456800
-0.243428
0.492976
0.768179
0.261262
0.130559
0.296744
0.248934
0.101265
-0.510768
-0.436479
-0.362627
-0.029065
-0.042839
0.038543
0.195477
0.402499
-0.476713
-1.101468
-0.790694
-0.679447
-0.228799
0.653844
0.726565
0.810852
0.790364
0.675751
0.396044
0.023506
-0.354099
-0.196711
-0.203428
-0.074914
0.003426
-0.042156
0.258281
0.403625
-0.519725
-1.160455
-1.022057
-0.569754
0.146954
0.645427
0.759775
1.097785
0.406872
0.575277
0.553350
0.248894
-0.061184
-0.183509
-0.288691
-0.012621
-0.075877
0.130101
0.164483
0.356794
-0.292806
-1.265374
-0.598880
-0.208290
0.009896
0.168527
0.381876
0.185841
-0.029710
0.407089
0.549274
0.152113
0.169252
-0.287645
-0.274657
0.005137
0.075374
0.129222
0.159564
0.450748
-0.172607
-0.717030
-0.681643
-0.594903
-0.410983
0.231909
0.273165
0.010783
-0.036287
0.039560
0.274736
0.281715
0.276068
-0.323096
-0.450922
-0.032950
-0.006745
0.101160
0.145081
0.311766
0.058520
-0.446072
-0.645597
-0.598152
-0.325408
0.069882
0.325576
0.135612
0.062359
0.106252
0.180488
0.381631
0.245695
-0.202463
-0.361061
-0.075044
0.078944
-0.013312
0.136434
0.394520
0.001082
-0.479320
-0.502186
-0.486384
-0.656346
-0.083676
0.204743
0.226514
0.201501
0.233153
0.232154
0.144788
0.026883
-0.325333
-0.269669
-0.007801
0.019842
0.085908
0.006130
0.196328
0.298939
0.161316
-0.150072
-0.455009
-0.417324
-0.165106
0.165519
0.262642
0.016711
0.116857
0.165685
0.113541
-0.181675
-0.290769
-0.081998
-0.086851
-0.057801
-0.060658
0.004395
0.112473
0.295238
0.134838
-0.178996
-0.347337
-0.406140
-0.077969
-0.027422
0.237745
0.300071
0.100981
-0.001320
0.006540
0.004610
-0.066307
-0.060495
-0.048654
0.009007
-0.038859
-0.009650
0.078408
0.228216
0.097108
-0.308443
-0.069595
-0.049550
0.043170
0.035515
0.079932
0.190475
-0.005384
-0.022064
-0.048489
-0.040753
0.061374
0.064870
0.087041
0.063330
-0.018933
-0.065521
0.010908
0.070998
-0.007829
0.030806
-0.040861
0.035204
0.082733
-0.026961
-0.036710
0.033930
0.037002
0.013129
0.099357
-0.031863
0.091196
-0.075909
0.053945
0.017020
0.036506
0.006340
-0.055989
0.026558
0.021121
-0.012523
-0.058475
0.067087
0.034043
0.045973
0.018866
0.010780
-0.008102
0.019590
-0.048386
-0.077189
0.059680
0.016726
-0.070738
-0.092765
0.088632
-0.075918
0.080611
0.079086
-0.037507
-0.048396
-0.085784
-0.005194
0.061272
0.003316
-0.043053
-0.090293
0.060092
-0.086244
0.079883
0.051503
-0.081248
0.022800
0.023157
-0.066577
-0.048086
-0.021156
0.013915
0.023407
-0.016960
-0.041627
0.019257
0.023235
0.031837
0.021581
-0.078267
0.077562
-0.023258
-0.006000
-0.069433
0.030905
0.027939
-0.081734
0.035367
-0.055027
0.051476
0.073109
-0.081868
-0.059601
0.024197
-0.045486
0.070636
-0.004379
0.140743
-0.074228
-0.004161
0.009245
0.016792
-0.146553
-0.053956
0.047956
0.009915
-0.024545
-0.063376
0.009085
0.073299
0.087608
0.034361
-0.000788
0.000408
0.033411
0.070755
-0.113179
-0.029271
-0.006517
0.089243
-0.027150
-0.000295
0.017451
0.110282
0.114354
0.083991
-0.089883
0.056904
-0.020477
0.000213
-0.040706
-0.000178
0.077555
0.031677
0.061272
-0.123420
-0.465646
-0.370749
-0.224561
0.042587
0.099043
0.153853
0.338112
0.076651
0.149112
0.074865
0.028169
-0.009193
0.001803
-0.048213
-0.084174
0.041897
-0.008736
0.010671
-0.079513
-0.126308
-0.195661
-0.010079
0.051436
0.164485
0.527221
0.328591
0.066626
0.025400
-0.137450
-0.047467
-0.065356
-0.033495
0.026644
-0.030470
0.021994
-0.031243
0.079144
0.087468
-0.186064
-0.149162
0.053677
0.206674
0.158532
0.357094
0.640288
0.272832
-0.066579
-0.138107
-0.081624
0.018655
0.079130
0.020343
-0.002784
-0.043854
0.071406
0.047016
0.161886
-0.181403
-0.409827
-0.215952
-0.054813
0.090404
0.656942
0.393007
0.271567
-0.153143
-0.349151
-0.140806
0.043711
-0.083044
-0.074700
0.063137
-0.029414
0.013318
0.039480
-0.055503
-0.052423
-0.278615
-0.496337
-0.278949
0.230962
0.266224
0.701238
0.281563
-0.039837
-0.086706
-0.243265
-0.125109
0.023373
-0.327420
-0.118709
-0.132724
0.100330
0.040632
-0.030810
-0.026334
-0.159803
-0.337156
-0.750201
-0.178647
0.057632
-0.007806
-0.076622
-0.205851
-0.369142
-0.232000
0.065077
-0.063229
-0.239086
-0.550061
-0.315311
-0.187565
0.023089
-0.076223
0.073753
-0.159929
0.028571
-0.607704
-0.925686
-0.157268
-0.258148
-0.535984
-0.624526
-0.531628
-0.066904
0.250284
0.332731
0.098165
-0.448286
-0.391987
-0.061006
-0.086415
-0.085740
0.074537
0.006983
-0.175636
-0.092889
-0.493165
-0.833744
-0.122965
-0.069519
-0.085678
-0.204820
0.239965
0.618245
0.587774
0.239516
0.095719
-0.263866
-0.342602
-0.295467
-0.044167
-0.023660
-0.013513
0.081692
-0.141054
0.102624
-0.166036
-0.451019
-0.002549
0.348685
0.103806
0.277626
0.314048
0.444531
0.450966
0.051486
-0.027055
-0.272377
-0.196581
-0.356698
-0.195727
-0.089543
0.030837
0.042248
0.003412
0.148541
-0.319655
-0.381451
-0.007750
-0.040695
-0.200826
0.098826
0.355430
0.440683
0.384124
0.083149
-0.310430
-0.345463
-0.358098
-0.237206
-0.329778
-0.071676
0.013601
0.061863
0.166542
0.206553
-0.157181
-0.458550
-0.140398
-0.075790
-0.161022
0.248351
0.431523
0.458506
0.344253
0.015773
-0.210141
-0.330240
-0.247968
-0.192206
-0.167350
-0.011941
-0.048632
0.052245
0.072573
0.225232
0.200799
0.282846
0.067776
0.059038
0.106727
0.285200
0.413298
0.326897
0.104650
-0.209848
-0.204544
-0.151844
-0.162705
-0.175357
-0.116286
0.013185
0.029910
0.075786
-0.038097
0.043196
0.253815
0.129292
-0.053700
-0.036446
-0.000332
0.140183
0.235941
0.084832
0.136867
-0.124313
0.024423
-0.011272
-0.081988
-0.128548
0.031380
-0.031444
0.006954
0.091475
-0.065780
-0.028978
0.195668
0.027941
-0.213964
-0.191773
-0.085947
-0.012537
0.006662
0.018525
0.048372
0.140711
-0.133064
-0.011506
0.039435
0.055193
-0.003834
0.013383
-0.081636
-0.079848
-0.074646
0.002050
-0.026380
-0.055556
-0.065844
-0.148673
-0.004596
0.065440
0.027134
-0.035873
0.121628
0.044093
-0.069041
0.098798
-0.048621
0.010120
0.023293
0.058095
-0.005437
0.053898
0.064769
0.049220
0.063893
0.050851
-0.039223
0.067903
0.031834
-0.009907
0.030648
-0.084612
-0.064720
-0.074872
-0.005959
0.085189
-0.022325
0.042448
0.010779
0.090439
0.116369
-0.010783
-0.041015
-0.022622
-0.050386
-0.084913
0.088823
-0.073075
0.012055
-0.055969
0.038592
-0.014048
0.022558
0.007050
-0.015597
0.072422
0.002726
0.000244
0.048404
-0.059731
-0.050431
-0.081257
-0.006486
0.002918
0.040701
0.044936
0.081109
-0.091567
-0.031328
-0.015363
0.027995
0.067552
0.070987
0.064780
-0.054054
-0.001618
-0.006174
0.057876
-0.050356
0.086798
0.077541
0.065992
-0.078825
0.006414
-0.064482
0.038103
-0.112678
-0.005883
-0.132920
0.012834
-0.081253
0.042625
-0.068995
-0.018907
-0.148541
-0.025768
-0.070913
0.025585
0.072446
0.066522
-0.042471
-0.059928
-0.028094
-0.036308
-0.033227
-0.090205
-0.085496
-0.061358
-0.046193
-0.005146
0.104666
0.206800
-0.060344
-0.408119
-0.442587
-0.408153
-0.074447
-0.135413
0.034083
-0.029453
0.008813
0.000481
-0.091612
0.062753
0.047860
-0.053859
0.003484
0.027245
-0.007274
0.102223
0.467954
0.594296
0.192745
-0.386527
-0.875703
-0.719376
-0.521546
-0.235421
-0.050066
-0.145858
-0.083457
0.011682
0.076941
0.097552
-0.008612
0.009881
-0.301486
-0.054090
0.017682
0.367933
0.442416
0.525368
0.357639
0.093801
-0.756263
-0.782745
-0.515961
-0.162464
-0.275675
-0.121916
0.062379
-0.021781
0.020823
0.099380
0.000107
0.055730
-0.178799
-0.168777
0.149512
0.500475
0.422270
0.256031
0.332706
0.252976
-0.171673
-0.409512
-0.155555
0.065533
-0.070662
-0.178974
0.030208
-0.069319
0.053729
0.021031
-0.043138
-0.261802
-0.471188
-0.537160
0.007638
0.477594
0.541554
0.160620
0.058596
0.115822
0.187914
-0.039637
0.116272
0.035524
-0.055828
-0.161413
-0.080696
0.023077
-0.026348
-0.373545
-0.477415
-0.372700
-0.836412
-0.618206
0.035149
0.309309
0.542384
0.168990
0.079947
0.484290
0.300679
0.313530
0.172793
-0.108963
-0.155970
-0.351100
0.102608
-0.067591
-0.008808
-0.558838
-0.546807
-0.390140
-0.832629
-0.656864
-0.028144
0.366493
0.448307
0.124068
0.208120
0.609037
0.428351
0.249023
0.191226
-0.138180
-0.218766
-0.230401
-0.060352
-0.091547
0.013305
-0.169197
-0.431942
-0.412600
-1.001612
-0.771245
-0.198148
0.019399
0.281409
0.218508
0.416541
0.129200
0.180122
0.268963
0.274612
0.223172
0.014209
-0.241257
-0.188270
-0.063865
-0.002353
-0.029625
-0.124329
-0.380905
-0.949443
-0.505414
-0.283333
0.166238
0.110491
-0.001820
0.038224
-0.263937
0.156052
0.417039
0.317285
0.141200
-0.186595
-0.159561
-0.018000
-0.091131
-0.012621
0.003349
0.081654
-0.103952
-0.523436
-0.704934
-0.396406
0.097645
0.027586
-0.129325
-0.044590
-0.128045
0.098500
0.187593
0.164750
0.112822
-0.295183
-0.507542
-0.083488
0.032614
0.183762
0.388435
0.288503
0.057768
-0.625030
-0.729113
-0.387650
0.062276
-0.073047
-0.128584
-0.011797
-0.068465
0.011048
-0.049151
0.037045
0.265691
-0.133729
-0.254857
-0.010896
0.068275
-0.037519
0.327853
0.366153
0.020236
-0.691234
-0.700516
-0.360661
-0.319767
0.223298
0.356097
0.019007
0.107848
-0.126582
-0.501159
-0.158405
-0.019674
-0.085289
-0.147256
0.065789
-0.074706
0.040031
0.115551
0.258206
0.106240
-0.184227
-0.387648
-0.167743
0.102700
0.266763
0.383988
0.222194
-0.249264
-0.684564
-0.548876
-0.297332
-0.185876
-0.018440
-0.098681
-0.056463
0.068154
0.087665
0.057455
0.055735
0.373556
0.117792
-0.157827
-0.185921
0.225686
0.370864
0.417532
0.133709
-0.161155
-0.418815
-0.335242
-0.181690
-0.079602
0.033450
0.060717
0.068544
0.039215
0.011369
-0.146593
-0.020054
0.203245
0.119804
-0.315576
-0.058713
0.136871
0.303080
0.200987
-0.067598
-0.153791
-0.113245
-0.202187
-0.009063
-0.026583
0.014605
0.046296
0.083272
-0.081416
-0.055167
-0.013940
0.084343
0.154270
-0.065596
-0.061188
-0.141031
-0.032595
-0.075572
-0.013481
-0.132111
-0.070667
-0.003939
0.032073
0.058313
-0.029871
-0.013936
0.025151
0.089542
0.063436
0.033404
-0.072620
0.023670
0.069156
0.055684
-0.042269
-0.077497
-0.082758
-0.072131
-0.048929
0.062435
0.055512
0.015957
0.026823
0.062191
-0.010369
-0.017243
-0.023309
-0.071079
-0.660824
0.040998
0.073767
0.011794
0.061921
-0.043190
0.041084
0.032748
-0.017755
0.087979
0.056354
-0.031337
0.071646
-0.045746
0.025836
0.006436
-0.053490
0.001917
-0.058268
0.043402
-0.083448
-0.090541
-0.032952
-0.061675
-0.087129
0.007685
-0.092964
0.069004
0.131550
0.013819
0.011079
0.049345
0.092246
-0.047473
0.077779
0.080970
0.033055
0.057632
-0.030946
0.019759
0.082112
-0.075507
0.075464
-0.062033
0.057647
-0.071736
0.069304
0.026802
0.362198
0.334833
0.024977
-0.054434
-0.046395
0.142698
0.020459
0.062052
0.053913
-0.001228
0.030166
-0.064704
0.055523
-0.061799
0.076609
0.085727
-0.051195
0.104088
0.258612
0.343202
0.476357
0.100486
-0.260338
-0.343265
-0.216483
0.177833
0.260209
0.221445
0.233650
0.116072
-0.016326
0.048359
0.001559
-0.030065
0.078650
-0.033792
0.040704
0.115014
0.290060
0.480057
0.112583
-0.683741
-0.706827
-0.881118
-0.590337
-0.038153
0.444331
0.696507
0.504073
0.257862
0.106793
0.068120
-0.066892
-0.002432
0.013949
0.062219
0.004845
0.209517
0.593029
0.942882
0.617708
-0.307639
-0.708866
-0.847839
-0.649451
-0.237430
0.376398
1.087705
0.774622
0.271597
0.175483
-0.004947
0.025073
-0.078558
-0.095849
0.059396
-0.060267
0.341247
0.620022
0.851576
0.385160
-0.489187
-0.528194
-0.319732
-0.480760
-0.894888
-0.644524
0.635023
0.697445
0.389642
0.208436
0.040636
-0.064175
-0.015139
-0.048348
0.108504
0.073094
0.402721
0.508527
0.657683
0.270013
-0.114347
-0.519262
-0.202028
-0.047954
-0.331512
-0.569020
0.336714
0.271314
0.514615
0.170908
0.041205
0.094584
-0.062926
-0.035876
0.054013
0.314167
0.452372
0.526297
0.581451
0.463757
0.213596
-0.311421
-0.401022
-0.001584
-0.033969
-0.243521
0.259142
0.422838
1.031857
0.510884
-0.046322
0.102332
-0.080703
0.049701
0.127210
0.359679
0.507758
0.350310
-0.050964
0.382697
0.015458
-0.684371
-0.540844
-0.291435
-0.691587
-0.492896
0.217520
0.337551
0.762893
0.418406
0.030861
0.043042
-0.029277
0.033592
0.028677
0.455557
0.528270
0.102912
0.497481
0.406368
-0.443475
-0.801905
-0.711927
-0.515386
-0.514939
-0.186110
-0.136744
0.094910
0.675806
0.904948
0.005552
0.090575
-0.003847
-0.128621
-0.115947
0.378965
0.610287
-0.186939
0.468840
0.518402
-0.200609
-0.428767
-0.502291
-0.812209
-0.365050
-0.255275
-0.121662
0.187688
0.649384
0.777318
0.145119
0.137856
-0.026320
-0.019864
-0.128137
0.167565
0.310618
-0.063906
0.288752
0.604453
-0.170168
-0.487602
-0.473769
-0.570704
-0.125755
-0.095704
0.235333
0.312882
0.085853
0.077574
0.152237
0.040042
-0.073544
0.011441
-0.254859
-0.138380
-0.004373
0.123534
0.394214
0.327718
0.151321
-0.495277
-0.342642
0.266577
0.048245
0.104974
-0.050524
-0.177562
-0.197185
-0.073980
-0.076769
-0.072047
0.064827
-0.084861
-0.239224
-0.477506
0.227891
0.191155
0.358872
0.480121
-0.012244
-0.446684
-0.219466
0.637130
-0.028462
-0.209034
0.122767
-0.030593
-0.214940
-0.179776
-0.086989
-0.079748
0.084476
0.042945
-0.054248
-0.282518
0.021532
0.222525
0.694101
0.343670
-0.476090
-0.417560
-0.458316
-0.125655
0.177901
0.356463
0.257984
0.411446
0.164208
-0.088840
-0.130625
0.024760
-0.048321
0.017572
-0.020402
-0.079630
-0.145968
0.583520
0.978495
0.443853
-0.113518
-0.177379
-0.152182
-0.131749
0.180715
0.385067
0.186532
0.166134
-0.051517
-0.133685
-0.094026
0.025970
0.007591
-0.080902
0.070263
-0.003015
-0.053611
0.476441
0.909472
0.425509
-0.198172
-0.162357
0.074762
0.181170
0.078514
0.200891
0.034679
0.091247
-0.060729
-0.066751
-0.072322
0.019494
-0.033442
0.070240
-0.081581
-0.030395
-0.005760
0.185639
0.269864
0.105546
-0.024070
0.072051
-0.044048
0.095401
-0.005520
0.081236
-0.014439
-0.085218
-0.020202
0.003125
0.091495
-0.051083
-0.038618
0.021551
0.003474
-0.078284
-0.019985
0.057369
-0.015195
0.005564
0.072482
0.039214
-0.008385
0.053469
-0.016551
0.043679
-0.089818
-0.008568
-0.051217
-0.055944
0.024299
0.024330
0.077807
-0.015201
-0.014560
0.043926
-0.023274
0.030878
-0.061121
0.068645
0.072066
-0.084477
-0.068780
0.076898
0.003041
-0.009355
-0.082984
-0.020928
0.028068
-0.082626
0.075219
-0.039483
0.064317
-0.013693
0.011459
-0.026715
0.075110
0.085577
-0.020290
-0.000376
0.081938
-0.075010
0.072058
0.049826
0.055934
-0.033167
0.021785
0.021957
-0.053106
-0.010957
0.046414
-0.004004
0.034455
-0.084839
0.048100
-0.000122
-0.003402
0.146744
0.261330
0.278615
0.217395
0.074757
0.131343
0.117030
0.066818
0.110968
0.238147
0.076802
0.036179
0.029722
0.143324
-0.046948
-0.069316
0.002655
-0.079701
-0.080691
-0.021354
0.195449
0.434919
0.415091
0.148081
-0.102350
-0.092409
-0.047288
0.072936
0.074806
0.110193
0.150852
0.147230
0.123927
0.275101
0.072316
0.019288
0.080323
-0.034146
0.065659
0.071232
0.225854
0.435445
0.431096
0.059590
-0.233181
-0.150413
-0.189468
-0.334793
-0.579810
-0.528915
0.040900
-0.197629
-0.064007
0.438694
0.237050
0.049168
0.007644
0.043598
-0.054228
0.148939
0.188042
0.188346
0.197230
-0.009506
-0.019944
0.158716
-0.310496
-0.539867
-0.796313
-0.772049
-0.229215
-0.261432
0.122308
0.508818
0.361262
-0.014848
0.058378
0.019665
-0.102002
0.026905
0.230378
0.008493
-0.305028
-0.421925
0.145093
0.180667
-0.098804
-0.304405
-0.700145
-1.036707
-0.542857
0.115268
0.215959
0.285546
0.412454
0.013878
0.007339
0.021516
-0.099094
-0.020495
0.365765
0.015108
-0.265976
-0.641493
-0.132980
0.061293
-0.033808
-0.062520
-0.692352
-1.268623
-0.570673
0.019608
0.056273
0.071346
0.496536
-0.011669
-0.022284
0.029074
-0.092560
0.194565
0.066539
-0.245589
-0.345540
-0.469264
-0.242323
-0.306258
-0.224560
-0.078688
-0.592013
-0.915977
-0.581687
-0.236969
-0.571284
-0.120250
0.520230
-0.035420
0.068138
0.016804
0.140518
0.163443
-0.465330
0.005584
-0.231296
-0.425670
0.055636
0.154129
0.177125
-0.002055
-0.307298
-0.625022
-0.456564
-0.379582
-0.584096
-0.149201
0.414326
0.045676
-0.081817
-0.085255
-0.017867
-0.184868
-0.640813
0.324580
0.144998
0.480669
0.842112
0.338889
0.360731
-0.068025
-0.047196
-0.150030
-0.268331
-0.150477
-0.003360
-0.148001
0.217434
0.004151
0.035492
-0.105730
-0.011087
-0.178946
-0.425233
0.489990
0.647889
0.794923
0.870793
0.486114
0.284030
0.237852
0.171108
-0.351683
-0.321599
-0.031883
-0.008577
-0.252205
0.287281
0.109005
-0.009402
0.043486
0.143280
-0.318973
-0.377841
0.433631
0.433975
0.486861
1.113745
0.885950
0.197657
0.575659
0.112538
-0.303990
-0.283339
-0.238477
-0.303745
-0.306843
0.226226
-0.024119
0.053078
0.040243
-0.007052
-0.161961
0.022153
0.278790
-0.011098
0.420313
0.618435
0.593381
0.306588
0.104190
0.493223
0.019094
-0.079246
-0.345409
-0.535678
-0.178259
0.058017
0.135531
0.015367
0.002779
-0.143698
-0.280858
-0.092574
0.361822
0.141289
0.004726
0.167924
0.154422
0.485105
0.000859
-0.253179
-0.050812
0.090645
-0.115562
-0.139268
-0.132768
0.187610
0.045556
-0.055082
0.076833
-0.136160
-0.229581
-0.337331
-0.063613
-0.063650
0.016365
-0.070069
-0.036550
0.159658
0.085256
-0.436926
-0.308521
-0.189639
-0.077330
-0.315411
0.082565
0.228274
-0.002850
0.063385
0.067488
-0.063460
-0.115028
-0.141981
-0.389845
-0.425867
-0.154091
-0.090197
-0.299718
-0.297955
-0.150319
-0.601684
-0.452255
-0.501347
-0.402793
-0.224931
0.041086
0.116349
0.050588
-0.025456
-0.075780
-0.034809
0.017061
-0.119719
-0.318275
-0.429286
-0.299534
-0.105500
-0.212842
-0.094147
-0.234252
-0.268805
-0.212858
-0.115865
-0.136257
0.056883
0.005336
-0.013263
0.051348
-0.078655
0.042943
-0.005996
-0.003384
-0.094881
-0.156327
-0.129181
-0.159360
-0.055537
-0.010665
0.004408
0.026272
-0.094147
0.017925
0.070551
-0.067263
-0.057419
-0.006971
0.043952
0.089037
-0.013429
-0.086286
-0.054118
-0.049720
0.032484
0.034725
-0.058862
-0.062677
-0.054664
0.070422
0.028733
-0.017972
-0.044335
0.029382
-0.067693
0.013250
-0.005438
0.052252
-0.077475
-0.017337
0.089042
0.049164
-0.017794
0.014019
-0.014366
-0.020076
0.069517
-0.068400
0.033703
-0.050935
-0.036246
-0.057953
0.000741
-0.086002
0.030552
-0.026088
-0.013833
0.043520
-0.075284
0.002097
-0.084684
0.082545
-0.037380
-0.001360
-0.011597
-0.076974
0.029239
-0.045706
0.012702
0.021013
-0.042419
0.080240
0.018752
-0.076569
-0.089876
0.072107
0.042188
0.000912
-0.030000
0.008086
-0.047667
0.038949
-0.077613
-0.090918
-0.054420
-0.035676
-0.102664
0.027390
-0.079210
-0.082534
-0.076395
0.072570
0.053419
0.011768
-0.050177
-0.014890
0.064835
0.033809
0.013683
0.064664
-0.043672
-0.028413
0.025010
0.055122
-0.063030
-0.011449
0.046766
0.013162
-0.059378
0.030881
0.074102
0.051335
0.082425
-0.028015
0.183180
0.153141
0.100905
0.112322
-0.032416
0.084542
-0.008873
0.074049
0.011298
-0.087113
0.063783
0.084168
0.156632
0.192323
0.075167
0.072396
-0.098968
-0.042882
0.055519
0.134510
0.369581
0.238742
-0.018203
-0.100929
-0.117154
-0.056080
-0.041125
0.067724
-0.036285
0.072528
-0.040769
0.110931
0.303089
0.121743
-0.085935
-0.221112
0.053646
0.162597
0.188853
0.143202
0.326557
0.367971
-0.039669
-0.193489
0.013325
-0.056783
-0.106127
-0.066214
-0.023709
0.091787
0.176506
0.268074
0.268888
0.156121
-0.133956
-0.088061
0.286148
0.555724
0.345220
0.220219
0.459652
0.462166
0.023265
-0.089004
0.142371
-0.045458
-0.067637
0.088330
0.045438
0.145642
0.225055
0.303261
0.254361
-0.117006
0.066478
0.561286
0.843615
0.544919
0.128147
0.242367
0.092198
0.142422
0.077875
0.081746
0.208094
-0.062937
-0.103680
-0.085096
-0.020074
0.164392
0.043091
0.163731
0.095976
0.014171
0.257961
0.683156
0.796409
0.094351
-0.115694
0.019075
0.134758
0.092566
-0.024250
0.024405
-0.032501
-0.032058
-0.093593
0.014208
0.064526
0.132367
0.090623
0.092984
-0.034846
-0.111253
0.129531
0.172349
0.169050
-0.054626
-0.248573
-0.373917
-0.255115
0.131147
0.159075
-0.140275
0.142014
0.169884
-0.078642
-0.062721
0.082517
0.211165
0.093142
0.112843
-0.091750
-0.163891
-0.416168
-0.276295
-0.012799
-0.111282
-0.279417
-0.429065
-0.281498
0.036850
-0.081337
-0.013966
0.219080
0.116669
0.003062
-0.025798
-0.060502
0.154503
0.084567
0.171398
0.197420
-0.084804
-0.511903
-0.380534
0.065101
0.059734
0.091640
0.394981
0.455892
0.070704
-0.087925
-0.311089
-0.006937
-0.025581
-0.016747
0.033696
-0.012089
0.089601
0.401259
0.209754
0.104338
-0.054146
-0.439130
-0.159336
0.251440
0.155101
-0.125037
0.401323
0.457232
0.473810
0.338180
-0.189512
-0.216546
0.081048
-0.005577
-0.003962
0.063990
0.188445
0.121166
-0.092962
-0.322908
-0.260781
-0.111624
-0.102197
0.299881
0.089550
0.111268
0.370773
0.322810
0.425131
0.405919
0.126146
0.024465
0.148478
0.048507
0.033204
-0.037128
0.032803
-0.057847
-0.037488
-0.207868
0.171143
0.138935
0.062339
0.091926
0.049216
0.072497
0.281503
0.297704
0.374930
0.292427
0.089721
0.169471
0.112527
-0.063801
0.070706
-0.073825
0.032226
-0.166521
-0.015707
0.074060
0.166807
0.168626
0.070565
0.088163
0.102977
0.167960
0.237843
0.214191
0.368902
0.237652
0.149400
0.035563
-0.017320
0.006604
0.034829
-0.001550
-0.038796
-0.034703
-0.006909
0.291841
0.194897
0.073458
-0.046157
0.106085
0.025916
0.052560
0.165869
0.074288
0.215937
0.224688
0.148477
0.091528
0.046753
0.082444
0.009278
-0.006000
-0.045842
-0.014235
0.033985
0.330358
0.233164
0.020966
0.104434
0.041763
0.091828
-0.047655
0.119812
0.136368
0.094477
0.084874
-0.046505
-0.055250
-0.083028
0.033648
0.087332
-0.007789
0.070743
0.107975
0.015997
0.034782
0.124106
-0.062056
0.067356
0.075799
0.069619
0.058232
0.031732
-0.054682
-0.084209
0.069263
-0.008941
-0.008803
0.022647
-0.065017
0.016255
0.066793
-0.048752
-0.019465
0.074563
0.084368
0.007675
0.070935
0.068508
0.071119
0.007969
-0.065783
0.056495
0.057668
0.034992
0.053309
-0.077756
0.087077
-0.020528
-0.002554
-0.523378
0.056569
0.052080
-0.024588
-0.036759
-0.010036
0.079689
-0.053582
-0.055667
0.045001
0.059717
-0.047362
0.056749
-0.071343
-0.080470
0.020637
0.014596
-0.011585
0.024198
-0.064945
-0.036565
-0.042272
-0.083908
-0.051510
0.015730
-0.021995
0.074120
-0.068376
-0.099613
-0.062266
0.033905
-0.026198
0.013812
-0.102861
-0.034378
-0.085769
0.044688
-0.056778
0.092920
-0.036764
-0.028687
0.060523
-0.072898
-0.054938
0.081555
-0.002666
-0.089288
-0.111641
-0.170121
-0.053858
-0.107668
0.035119
0.038171
-0.031648
-0.085354
-0.199980
-0.041280
-0.130521
-0.011030
0.039197
-0.030746
-0.044370
-0.020796
-0.038023
0.033430
-0.214092
-0.199695
-0.160400
-0.147613
0.101908
0.175462
0.194558
0.052346
-0.162712
-0.222690
-0.265277
-0.196678
-0.119277
-0.285302
0.048110
0.011073
0.091067
-0.070068
0.009558
-0.128552
-0.351081
-0.359360
-0.180566
0.004850
0.430533
0.731735
0.673997
0.303654
0.171558
0.022733
-0.064493
-0.063527
-0.156441
-0.239757
-0.031660
0.056920
-0.066667
0.020451
0.026634
-0.279887
-0.378856
-0.089128
-0.003605
0.141543
0.469399
0.750876
0.579907
0.597167
0.267728
0.017736
-0.092528
-0.026286
-0.234727
-0.345494
-0.126553
-0.072730
-0.010897
-0.041661
-0.062322
-0.231119
-0.223957
-0.067950
0.025799
0.334349
0.504769
0.376310
0.149702
0.290263
0.449829
0.350776
-0.013478
-0.053081
-0.059798
-0.162039
-0.093959
-0.010610
0.032660
-0.003519
-0.088756
-0.217607
-0.213499
-0.155874
-0.209784
0.361456
0.485897
0.461852
0.235253
0.164241
0.571963
0.488125
-0.007137
-0.272965
0.151636
0.040684
-0.269701
-0.041558
-0.061483
-0.039091
-0.246984
-0.207746
-0.071789
-0.371659
-0.239438
0.237237
0.357736
0.564382
0.295617
0.055099
0.416314
0.358152
-0.062308
-0.238193
0.180598
-0.059528
-0.235755
0.059142
-0.072647
0.072310
-0.170316
-0.372150
-0.118534
-0.337404
-0.342851
0.249569
0.326250
0.309233
0.109854
0.110758
0.213598
0.033002
-0.365575
-0.078321
0.278151
-0.143282
-0.204627
-0.060318
0.002182
-0.015396
-0.215763
-0.228652
-0.027682
-0.379950
-0.213564
-0.193273
-0.134401
0.293901
-0.012683
0.149906
0.163466
-0.300210
-0.484111
-0.034962
-0.063075
-0.058871
0.038967
-0.092950
-0.079359
-0.026547
-0.137932
-0.094694
-0.212466
-0.118790
-0.200495
-0.360443
-0.018722
0.139348
0.102010
0.156069
-0.056858
-0.333641
-0.346214
-0.108829
-0.197302
0.199235
0.080362
-0.062205
-0.005070
0.003243
-0.006412
0.036875
0.015662
0.059227
0.212563
0.035296
-0.033826
-0.110987
0.192669
0.029246
-0.116271
-0.240616
-0.253326
-0.146655
-0.157010
0.111952
-0.008696
-0.002974
0.065292
0.069892
0.100318
0.102960
0.061032
-0.036787
0.041857
-0.044435
-0.064784
0.135957
0.056398
-0.146486
-0.140629
-0.182468
-0.135562
-0.176348
0.108422
0.045147
-0.044369
0.041912
0.067280
-0.048767
-0.030430
0.158256
0.169252
-0.027236
-0.214434
-0.114445
0.087263
-0.074883
-0.114777
-0.172185
-0.007835
-0.061537
-0.251110
-0.045106
0.010623
0.124254
0.068681
-0.061217
0.026442
-0.031923
-0.010937
0.298482
0.446955
0.151900
-0.010463
0.120230
0.366111
0.281830
0.030372
-0.187135
-0.205113
-0.183759
-0.338398
0.009359
0.077772
-0.038223
0.050085
0.016017
-0.046976
-0.084997
-0.048852
0.108956
0.292078
0.201480
0.250649
0.265578
0.443884
0.391863
0.224896
0.011847
-0.173847
-0.122892
-0.081408
-0.086263
-0.023050
-0.007911
0.005812
0.030126
-0.083320
0.016493
0.067849
0.111760
0.066952
0.144977
0.114257
-0.004679
0.000821
0.050344
0.081361
-0.095689
-0.096407
-0.136017
0.033926
-0.076405
-0.043316
-0.002060
-0.054687
0.026022
-0.088376
0.061218
0.010161
-0.006881
0.085046
-0.025254
-0.104221
0.035480
-0.111242
-0.007533
-0.120625
-0.172760
-0.067207
-0.110397
-0.085946
0.060154
0.035109
-0.012502
-0.061881
-0.088093
-0.086675
-0.072884
0.007314
0.034357
0.064525
0.078742
-0.024825
-0.067434
-0.014948
-0.028015
-0.038289
0.049076
-0.098869
-0.001728
0.063757
0.079288
-0.088832
-0.000844
-0.078197
-0.014880
-0.120144
-0.068409
-0.028419
0.043454
0.074261
-0.033188
0.006330
-0.028608
-0.080257
0.011666
0.046824
0.025730
-0.072986
-0.040127
-0.090363
-0.002794
-0.013130
0.089110
-0.061577
0.064376
-0.043345
0.060868
0.069070
-0.045349
-0.016527
-0.020430
-0.030544
-0.076859
0.051822
-0.061894
0.081804
0.021090
-0.034726
0.002617
-0.060240
0.074062
0.088704
-0.075811
-0.028462
-0.081110
-0.041019
-0.084003
-0.014591
-0.060354
-0.040633
-0.050972
0.109064
0.074253
-0.055601
-0.022471
0.041069
0.017647
0.052650
0.070599
-0.024429
0.153233
-0.020472
0.106304
-0.023711
0.057761
-0.021837
-0.039401
-0.091173
0.023360
-0.014452
0.100156
0.047256
0.021654
-0.075970
-0.122784
-0.127295
0.087811
0.023634
-0.049760
-0.138389
0.166732
0.298712
0.253011
0.065485
0.088054
0.012203
-0.056006
-0.013375
-0.046900
0.082746
0.177562
0.220531
0.109902
-0.130739
0.067791
0.129069
-0.004785
0.040477
-0.254331
-0.293412
-0.152412
0.068662
0.284706
0.406394
0.100219
-0.059463
-0.028123
0.042511
0.002121
0.133327
0.143744
-0.008265
-0.219469
-0.184389
-0.186336
-0.232842
-0.151013
-0.203085
-0.230398
-0.117017
0.006878
0.092837
0.176351
0.398853
0.289364
0.076317
-0.010488
0.011617
0.047525
0.067551
0.070227
-0.026828
-0.147681
-0.049317
0.013191
-0.041925
0.001011
-0.069716
-0.231118
-0.323030
-0.048341
0.184878
-0.010144
0.208309
0.267061
0.048858
-0.056909
0.059739
0.181292
0.111766
0.155449
0.276060
0.077941
-0.166816
0.032117
-0.023207
0.033286
-0.084685
-0.264889
-0.238192
-0.011548
0.386095
-0.156585
0.145114
0.499572
0.104244
-0.071503
0.078510
0.099003
0.108528
0.129207
0.378210
0.091745
-0.070217
-0.138236
-0.335714
-0.274709
-0.166128
-0.275658
-0.242772
0.422495
0.537573
-0.474471
0.214543
0.527093
-0.034903
0.040541
0.031661
0.315592
0.307730
-0.087476
0.743898
0.360435
-0.119967
-0.336366
-0.130769
-0.093149
-0.491892
-0.717719
-0.469256
0.603399
0.326494
-0.281860
0.066484
0.363160
0.034486
0.012636
0.093811
0.484795
0.085319
-0.041035
1.010876
0.654232
0.151179
-0.410874
-0.224682
-0.167344
-0.634396
-0.712862
-0.156324
0.629535
0.295929
-0.154818
-0.302999
0.320286
0.052504
-0.020649
0.025459
0.398803
-0.321297
-0.267876
0.943524
0.314996
-0.440246
-0.517491
-0.042965
-0.213999
-0.416941
-0.529448
-0.092796
0.600962
0.348701
-0.128289
0.013189
0.389941
0.074931
0.066938
0.085861
0.484679
-0.145043
0.061280
0.640846
-0.104138
-0.467851
0.227580
0.463861
0.083516
0.053915
0.024577
0.578043
0.335236
-0.257619
-0.410365
0.038243
0.366407
0.069883
-0.006677
0.094764
0.507339
0.176639
0.277118
-0.128496
-0.286909
0.141683
0.166538
-0.032942
0.196552
0.021558
0.452375
0.699462
0.130722
-0.224431
-0.348882
-0.025264
0.266529
0.024530
-0.082695
0.066659
0.204388
0.000904
-0.220497
-0.227035
-0.108730
-0.222965
-0.287983
-0.298892
0.222799
-0.041654
0.263393
0.568332
0.224887
0.006934
-0.221927
-0.075712
0.096538
-0.058524
-0.054787
0.106995
0.093677
-0.028865
-0.381501
-0.293963
-0.313474
-0.352842
-0.110701
-0.103306
0.136484
0.229648
0.284634
0.348335
0.038437
-0.015819
-0.223269
0.012842
0.189630
0.075785
-0.077028
0.037016
-0.001929
0.071051
-0.324790
-0.479828
-0.610976
-0.475034
0.187739
0.260825
0.233220
0.297363
0.215649
0.076938
0.003906
-0.283635
-0.136696
0.047398
0.056273
0.043484
0.004448
-0.065974
0.061084
-0.051357
-0.204238
-0.291028
-0.360066
-0.265668
0.073300
0.390552
0.138510
0.089157
-0.053217
0.044934
-0.059521
-0.103830
-0.045847
-0.010408
-0.017706
-0.060766
0.029808
-0.074777
-0.089721
0.051879
-0.107794
-0.169612
-0.119017
0.000741
-0.018639
0.082473
0.107065
0.053224
0.054902
-0.062134
-0.025460
-0.039325
0.030357
-0.031690
-0.028768
-0.034710
0.046199
0.052350
0.082108
-0.070524
0.029089
-0.082184
0.001991
0.027275
-0.016368
0.046592
0.022180
-0.074423
0.068250
0.019911
0.034789
0.011974
0.033736
-0.031892
-0.082259
0.020943
-0.373847
0.015437
-0.081055
0.001448
0.053274
-0.052386
0.057990
0.014416
0.064494
0.049299
0.002575
-0.044168
-0.014716
-0.032596
-0.006716
-0.014803
0.032193
0.090104
0.078844
0.087075
0.041709
0.019716
-0.063112
-0.089541
-0.026518
0.039995
-0.086594
-0.065576
0.075885
-0.040136
-0.064839
-0.001497
0.017961
-0.068308
0.043101
-0.078765
-0.028547
0.024722
-0.033622
-0.077067
-0.032048
0.005848
0.069325
-0.076617
-0.016482
0.043551
0.131832
0.135229
0.192194
0.147812
0.003406
-0.005400
-0.078794
0.083951
0.020703
0.073288
0.112765
0.029960
-0.011454
-0.035680
-0.053478
-0.061553
-0.081410
0.055063
-0.023732
0.188632
0.159869
0.080020
0.056274
0.034621
-0.013296
0.065472
-0.019162
0.328209
0.275582
0.269077
0.148960
0.144210
0.089331
0.073877
0.021676
-0.023817
-0.072618
0.067214
0.176171
0.327487
0.280030
0.108113
-0.038853
-0.301663
-0.151184
0.055504
0.289865
0.241973
0.083177
-0.015046
-0.148890
0.163163
0.292712
0.044249
0.082265
-0.006934
0.052753
-0.033654
0.142573
0.362377
0.086283
-0.183895
-0.266982
-0.406797
-0.039936
0.097886
0.277787
0.059903
-0.228100
-0.165519
-0.099701
0.153785
0.392164
0.215413
-0.002492
-0.060993
-0.046947
0.003161
0.245088
0.186728
-0.363049
-0.575640
-0.484797
-0.146748
0.107423
-0.069739
-0.401874
-0.184556
-0.232626
0.074698
0.242499
0.243773
0.349761
0.298109
0.042320
0.021918
0.008441
0.056315
0.183455
0.180499
-0.346306
-0.407687
-0.683747
-0.370834
-0.184833
-0.369745
-0.940015
-0.717012
-0.195278
0.116006
0.146507
0.282345
0.281620
0.362636
0.041155
0.091109
-0.050994
-0.004382
0.322294
0.066041
-0.593428
-0.552124
-0.669596
-0.641996
-0.660117
-0.559273
-0.607011
-0.354317
-0.160742
0.182308
0.063060
0.198633
0.330383
0.343964
0.128898
-0.003955
0.006769
0.063071
0.503647
-0.039575
-0.089418
-0.096033
-0.555390
-0.507675
-0.384013
-0.241315
-0.326082
-0.191230
-0.048667
0.115345
-0.134185
0.216045
0.342562
0.262726
0.067305
0.029101
0.073077
0.018860
0.452318
0.152767
0.483139
0.505453
0.311543
0.293443
0.066266
-0.044378
-0.436384
-0.216361
-0.187629
-0.030039
0.319203
0.578036
0.159581
0.178413
-0.010436
-0.073357
-0.016618
0.142334
0.211942
0.099275
0.540026
0.860882
0.802370
0.094414
-0.159408
-0.357880
-0.548658
-0.384877
-0.200889
0.040681
0.438404
0.573887
0.015710
0.080194
0.095766
-0.049843
-0.063716
0.028851
-0.025507
0.023373
0.546131
0.613833
0.657162
0.119837
-0.099693
-0.279240
-0.084275
-0.174478
-0.179405
-0.267384
-0.118336
-0.012675
-0.233712
0.125730
0.008002
-0.080398
-0.017085
-0.111991
0.033149
0.259777
0.621539
0.635433
0.588542
0.185656
-0.436358
-0.338549
-0.026727
0.269374
-0.035674
-0.230621
-0.392615
-0.219130
-0.214381
-0.055332
-0.037368
-0.004604
0.015750
0.021895
-0.101021
0.046564
0.231900
0.381970
0.524069
0.307566
-0.342886
-0.122023
0.031844
0.043329
0.024520
-0.341238
-0.287702
-0.368640
-0.313414
-0.081539
-0.043401
-0.048067
0.092830
-0.063865
-0.159543
-0.092069
-0.044529
0.164222
0.528685
0.517009
0.184967
0.254708
0.234747
-0.035546
-0.125692
-0.216327
-0.174442
-0.216449
-0.148725
-0.026228
-0.018724
0.071982
0.062937
-0.027930
-0.016834
-0.237852
-0.200256
-0.100563
0.385426
0.560169
0.437094
0.217453
0.248647
-0.066363
-0.194436
-0.246886
-0.170137
-0.208207
-0.026182
0.075748
-0.020221
0.066760
0.012258
-0.077488
-0.068047
-0.319982
-0.550422
-0.526543
-0.025078
0.066396
0.181162
0.054128
0.077853
-0.158255
-0.052758
-0.191189
-0.082643
-0.025988
0.083456
-0.012895
-0.048805
-0.023543
0.072012
-0.047956
0.072007
-0.132215
-0.249517
-0.226278
-0.251060
-0.049774
-0.085819
0.044830
0.060368
-0.012255
-0.089176
0.071942
-0.009527
-0.018356
-0.007689
0.060091
0.049105
0.008991
0.088504
-0.017700
0.022764
-0.028048
0.028293
0.068375
-0.076817
-0.000274
0.074085
0.064070
0.015601
-0.048901
-0.030484
0.003795
0.078492
0.055444
-0.015543
0.037961
0.087807
-0.571212
-0.038846
0.003319
-0.009870
-0.072283
-0.050195
0.087362
0.058871
0.052965
0.040629
-0.074663
-0.058701
0.065669
-0.062245
-0.009521
0.076069
0.074635
0.024582
-0.053925
-0.081595
-0.039723
0.085506
-0.061967
-0.024828
-0.087761
-0.083181
-0.069755
-0.042248
-0.101414
0.047896
0.014319
-0.065379
0.074905
-0.075955
0.006106
-0.020700
-0.082834
-0.057900
-0.074462
-0.036657
0.086833
-0.090993
-0.062711
0.052342
-0.081480
0.084718
-0.062779
-0.052839
-0.038120
-0.021261
-0.043046
-0.111451
0.051425
0.084701
0.010915
0.029012
0.041750
-0.034264
-0.058228
-0.008866
-0.063094
0.076924
0.069934
-0.050180
-0.055488
0.087054
0.096450
0.005446
-0.016608
-0.207447
-0.293643
-0.176266
-0.226443
-0.054329
0.251498
0.395907
0.287466
0.040971
0.116959
-0.098570
-0.035058
0.054775
0.078526
0.039278
0.028680
0.051414
0.210128
0.196089
-0.104372
-0.338204
-0.288943
-0.287734
-0.311674
-0.011328
0.523479
0.632201
0.493643
0.038989
-0.110861
-0.101323
0.039885
0.069998
-0.067772
0.049360
-0.037792
0.120736
0.296147
0.176416
-0.056190
-0.252025
-0.192584
-0.068626
-0.223461
0.001387
0.560131
0.751894
0.509760
-0.158942
-0.329655
-0.296872
0.040218
0.013729
-0.054444
0.034378
-0.000645
0.274454
0.211666
0.089191
-0.144640
-0.249586
-0.118452
0.006380
-0.122694
-0.081515
0.404609
0.700247
0.277371
0.035696
-0.192995
-0.143685
-0.071479
0.029185
-0.076909
-0.045091
0.011848
0.024438
-0.090241
-0.057505
-0.227587
-0.229415
0.141942
0.026483
-0.095737
0.200062
0.217429
0.320034
0.659084
0.604493
0.177206
-0.306380
-0.094295
-0.028224
0.008816
0.083295
0.122753
-0.072991
-0.087588
-0.037671
-0.201059
-0.129376
0.269393
0.428484
0.236911
0.050053
0.043441
0.157758
0.316445
0.372631
-0.082848
-0.284880
-0.033346
0.035890
0.047534
0.199490
0.396073
0.038569
-0.350835
-0.005514
-0.101330
-0.052637
0.380219
0.480996
0.332741
-0.316282
-0.155802
-0.016437
0.127863
0.402398
0.323326
-0.142710
-0.067184
-0.021652
-0.074353
0.107802
0.539409
0.126790
-0.414138
-0.161717
-0.114347
-0.080920
0.255917
0.326125
0.095338
-0.472118
-0.266861
0.083280
0.136054
0.322159
0.145083
-0.119141
0.047331
-0.026994
-0.057308
0.034792
0.563478
0.133420
-0.401286
-0.054241
-0.068773
-0.490211
-0.256643
-0.264149
-0.296997
-0.144876
0.115049
-0.045257
0.231809
0.203682
0.103417
-0.033642
0.054333
0.029489
0.058646
0.056116
0.430902
0.165922
-0.110130
0.108456
-0.108097
-0.604031
-0.250120
-0.242044
-0.451554
-0.066912
0.152585
0.188183
0.405369
0.372945
0.047712
-0.107934
-0.055991
-0.033200
0.076221
-0.093553
0.269104
0.417026
0.036424
0.249648
-0.228448
-0.191030
-0.153797
-0.134125
-0.242333
-0.088036
0.160581
0.311667
0.444828
0.373640
0.009888
-0.144843
-0.057952
-0.018015
-0.002667
-0.062022
0.172292
0.313782
-0.018045
0.171832
-0.025448
-0.284620
-0.314903
-0.495066
-0.217735
0.030848
0.134077
0.272862
0.118501
0.071226
0.003388
-0.092449
-0.095420
-0.059346
-0.076196
0.002750
0.066064
0.199933
0.218394
0.263535
-0.049450
-0.205281
-0.393496
-0.367001
-0.244692
0.460785
0.512300
0.280746
0.166041
-0.003260
-0.030383
-0.041867
-0.072960
0.043266
0.063982
-0.062966
0.091458
0.060305
0.361232
0.359565
0.074903
0.035939
0.089562
-0.045574
-0.004643
0.320102
0.392892
0.286230
0.114446
0.042091
-0.032810
-0.000323
-0.018058
0.026129
-0.029312
0.078625
-0.062349
0.148118
0.244395
0.344990
0.163135
0.172694
0.161801
0.030134
0.194460
0.292510
0.143915
0.033885
-0.065864
-0.026751
0.088064
-0.091548
0.068538
0.085604
-0.084617
-0.058943
0.067390
0.108794
0.075578
0.099388
0.073959
-0.043513
0.059855
-0.073877
0.051688
0.183657
0.029387
-0.025647
-0.068944
0.039118
-0.021825
-0.068852
-0.011231
0.088656
0.003408
-0.020543
0.050756
-0.011610
-0.001387
0.041083
0.014634
0.050750
0.055312
0.060366
0.115348
0.100508
-0.047710
-0.040563
-0.020446
0.068726
0.056933
-0.005318
0.067797
1.139453
0.007211
-0.060106
-0.021921
0.055458
0.056618
0.023859
0.041008
0.029188
0.019511
-0.077577
-0.060483
-0.077445
-0.030213
0.017169
0.002417
-0.014045
0.081568
-0.011257
0.054229
0.080708
0.024036
-0.038552
-0.023648
-0.080314
0.049229
0.068515
-0.084419
-0.085220
0.033259
-0.074036
0.060452
0.006646
0.069025
0.046725
0.021229
0.006830
0.009147
0.047853
-0.033088
0.016819
0.023454
0.051210
-0.021732
-0.056420
-0.079471
-0.076733
-0.031923
0.013951
-0.023128
-0.086685
-0.038221
-0.031649
0.100078
0.054721
0.046054
0.018510
0.054100
0.089647
-0.089237
-0.046521
-0.040803
0.072891
0.021766
-0.045640
-0.132381
-0.163612
-0.136075
-0.137262
-0.068885
-0.030378
-0.092277
-0.032714
-0.010028
0.038590
0.057111
-0.062341
0.091698
0.086425
0.079929
-0.048087
-0.020436
-0.014562
-0.047423
-0.078145
-0.230380
-0.288671
-0.152728
-0.080118
0.141546
0.121178
0.075247
-0.224355
-0.012138
0.243459
-0.052223
-0.180244
0.077175
-0.005534
-0.030603
0.072176
0.014808
0.047002
-0.028787
-0.006052
-0.184821
-0.118411
-0.120639
-0.012301
0.286759
0.283152
0.033266
-0.519595
-0.593308
-0.016760
0.334638
0.090081
0.239929
0.012790
-0.103572
-0.073366
0.075264
-0.002330
-0.148694
-0.065515
0.176461
0.281000
0.063856
0.100445
0.154840
0.010791
0.206802
-0.160253
-1.275096
-0.771028
0.218532
0.276837
0.326361
0.144261
-0.032471
0.000248
0.032359
0.090782
-0.084408
-0.210925
0.125703
-0.021193
-0.201412
0.370306
0.179758
-0.056390
0.099802
-0.170975
-1.020534
-0.744674
0.149817
0.353944
0.358443
0.249696
-0.043869
-0.071823
0.035527
-0.086900
-0.095745
-0.182352
-0.006687
0.310937
0.383388
0.290250
-0.126761
0.028982
-0.170582
-0.263716
-0.661101
-0.684017
-0.013440
0.308355
0.390425
0.317121
-0.044215
0.052466
-0.088037
-0.048992
-0.012363
-0.060187
-0.119680
0.180655
-0.114264
-0.116554
-0.173736
0.267053
0.018132
-0.026486
-0.448787
-0.365344
-0.225419
-0.121998
0.034061
0.272620
-0.037994
-0.073568
-0.030524
-0.066679
0.126868
0.023488
0.026048
0.106700
-0.173535
0.163269
0.347343
0.228048
-0.193308
-0.080030
-0.258596
0.013659
-0.072417
0.065134
0.042804
0.069614
-0.070399
0.035821
0.059997
0.024792
0.018037
0.145240
0.158473
-0.069357
-0.390756
-0.267183
0.024130
-0.558580
-0.794102
-0.725819
-0.277308
-0.286017
-0.046237
-0.020909
0.078906
-0.086219
-0.007787
-0.017805
-0.055713
-0.035978
-0.095763
0.095789
-0.003931
-0.007502
-0.338939
-0.694359
-0.358048
-0.159589
-0.573557
-0.418457
-0.061418
-0.056137
0.042154
-0.267741
-0.122615
0.147588
-0.089510
0.005563
-0.039659
-0.051732
-0.091045
0.238396
0.330095
0.308249
-0.121849
-0.580742
-0.696736
-0.060161
-0.033919
-0.203745
-0.077133
0.204543
0.073138
-0.132160
0.050340
0.181962
-0.062902
-0.076090
-0.052630
0.032311
0.009273
0.051839
0.359426
0.309852
-0.058285
-1.035508
-1.016840
-0.352401
0.010029
-0.026949
0.095484
0.218652
0.009139
-0.006469
0.088860
0.006102
-0.099932
0.006294
0.010899
-0.059171
0.024162
0.029020
0.037225
0.267827
0.091797
-0.948445
-1.082568
-0.337756
-0.049507
0.185062
0.184421
0.058534
-0.195807
0.008928
0.149239
0.062380
-0.064936
-0.005818
0.072480
0.033934
0.101335
0.143205
0.226399
0.444474
0.409390
-0.383175
-0.677350
-0.436166
-0.095891
0.104763
0.129243
0.160495
0.262227
0.184107
0.066063
-0.014855
-0.017019
0.049876
-0.068164
0.057055
0.070053
0.056653
0.246405
0.761476
0.781106
0.162100
-0.127154
-0.221921
0.042199
0.115473
0.087542
0.071179
0.141439
0.117180
0.021262
0.025611
0.027586
0.076600
-0.049210
0.036748
-0.077052
0.029810
0.185842
0.363290
0.466412
0.211627
0.063388
-0.017881
0.080817
-0.008872
0.015310
0.059106
-0.089326
0.024166
0.029190
0.077790
-0.007698
-0.052281
0.066668
-0.054537
0.085920
-0.059721
-0.013514
0.079853
0.017269
-0.025239
0.095716
0.049463
-0.085265
0.064535
-0.099639
-0.010290
0.013292
0.082332
0.043075
0.018702
-0.014948
-0.019840
-1.014299
-0.026406
0.036486
-0.003528
-0.072369
0.053425
-0.031981
0.063624
0.075187
0.037448
-0.082127
-0.089738
-0.039475
-0.028677
0.009853
0.064600
0.053910
-0.048303
-0.021796
-0.015271
0.022845
0.036073
0.019598
0.064952
-0.056071
-0.071429
-0.091352
-0.010183
-0.018815
-0.063236
0.043760
-0.070794
-0.086333
0.034847
0.049205
-0.034244
-0.002840
0.071079
-0.052213
-0.083121
-0.041074
0.085486
0.014908
0.053970
0.065813
-0.069342
0.045023
0.024634
0.058327
0.097130
0.098261
0.065005
0.078086
-0.014570
-0.044084
-0.101034
0.058555
-0.091933
-0.005927
0.006526
-0.085791
-0.049645
0.020165
-0.004646
-0.013881
0.150933
0.154507
0.210733
0.243833
0.124227
0.105376
0.083438
0.131951
0.115784
0.214456
0.144355
0.054998
-0.101587
-0.135289
0.086406
0.074666
0.012976
-0.029278
-0.026531
0.069257
0.269077
0.310775
0.134661
0.069951
-0.149848
-0.234492
-0.017733
0.326224
0.348680
0.027528
0.223704
0.141973
0.058586
-0.047623
-0.064377
0.092037
-0.043321
0.034792
0.046242
0.130295
0.205027
0.276786
-0.004610
0.025068
-0.300297
-0.523954
-0.126699
0.471180
0.272130
0.015599
-0.213296
0.126558
0.006918
0.048925
0.023388
0.034891
-0.021726
-0.003375
0.025254
0.286215
-0.157905
-0.279594
-0.082026
-0.130258
-0.243453
-0.340882
-0.350944
-0.135201
0.333114
0.289713
-0.075655
0.063786
-0.066135
-0.091609
0.112352
0.043650
0.038626
0.005851
0.159418
0.127811
-0.149420
-0.003087
0.183288
-0.299583
-0.377490
-0.369476
-0.634247
-0.567002
0.089742
0.015332
-0.117869
0.160843
0.077514
-0.010016
0.178800
0.116266
0.084700
-0.017864
0.188559
0.184985
0.130457
0.039955
-0.042270
-0.292751
-0.508942
-0.592212
-0.581707
-0.206221
-0.012697
0.040785
-0.304065
0.095249
0.253725
0.039523
0.168611
0.058416
-0.047939
-0.004872
0.229648
0.392739
0.203227
0.077372
0.379806
0.051401
-0.282986
-0.494886
-0.141092
0.118062
0.268243
0.089831
0.053679
0.112227
0.321507
0.233092
0.134214
0.074615
-0.063970
-0.035672
0.102535
0.380233
0.180039
0.328107
0.513032
0.425585
0.302922
0.088092
0.127356
-0.000909
0.223521
-0.172894
-0.005424
0.006465
0.186003
0.261574
0.077986
0.114711
0.023363
-0.003191
0.048247
0.340794
0.253595
0.198568
0.327437
0.472265
0.319181
0.149867
-0.022691
-0.066539
-0.145417
-0.079122
0.033153
-0.109047
0.156382
0.204885
0.180785
0.122827
-0.064296
-0.015728
0.001057
-0.005648
0.241420
0.308574
0.213078
0.566207
0.360165
-0.086279
-0.083142
-0.033931
-0.118018
-0.027784
-0.104925
-0.248554
-0.054489
-0.032677
0.164497
0.036900
0.066785
-0.082128
-0.124489
-0.114914
0.187326
0.194945
0.122067
0.624150
0.819666
-0.145553
-0.113229
0.109380
0.158718
-0.060544
-0.019579
-0.230305
-0.183307
-0.066314
0.093745
-0.058686
-0.037209
-0.057675
-0.055497
-0.226424
-0.027550
-0.126919
-0.039088
0.765794
1.130294
-0.001003
-0.198409
-0.011411
0.177682
-0.012189
0.127836
-0.053899
-0.242108
-0.018537
-0.003778
0.090495
-0.046962
0.005409
-0.025655
-0.092804
0.085548
-0.115557
-0.132104
0.547029
0.955131
0.452711
-0.013295
0.040480
0.130698
0.146669
0.065787
0.022141
-0.022883
0.009012
0.085896
0.106011
0.020206
0.085778
0.057671
-0.122508
-0.097010
-0.265305
-0.088544
0.280404
0.787148
0.546359
0.121028
-0.060211
0.105879
-0.078635
-0.079747
-0.107076
-0.152569
0.065832
0.040321
-0.032517
0.004435
0.056813
-0.057987
0.017010
-0.162904
-0.445198
-0.617143
-0.083432
0.303898
0.317915
0.203618
0.106900
-0.019243
0.106360
-0.015102
-0.082347
0.013496
-0.088365
-0.009660
0.060875
0.042986
0.048760
0.039976
-0.065109
-0.087712
-0.180104
-0.416442
-0.263920
0.065134
0.073274
-0.057638
0.123800
0.071470
-0.029387
0.094084
-0.068651
-0.035347
0.001470
0.081461
-0.029310
0.036011
-0.040722
-0.028353
0.067102
0.053530
0.079257
-0.107534
0.034440
0.078031
0.056471
0.011635
0.069187
-0.049999
-0.021860
0.092948
-0.066146
0.030958
0.043117
-0.023804
0.030088
-0.241727
0.001696
-0.057371
-0.067158
-0.083203
-0.083675
-0.034057
0.054083
0.090594
0.082840
0.007713
-0.054176
-0.021176
-0.071428
0.003958
-0.086148
0.045741
0.065499
0.043729
-0.056558
-0.064840
0.068342
-0.008989
0.006782
0.078454
-0.077594
-0.087104
0.059626
-0.022229
-0.000346
0.048299
0.066469
0.039561
-0.032859
-0.101729
-0.108574
0.088348
0.028794
-0.072716
-0.039000
0.068915
0.021188
-0.052817
0.064788
0.006789
0.076980
0.036133
0.132792
0.097462
0.123274
0.176003
0.003760
0.114569
0.064883
-0.046901
0.019861
0.009592
0.080192
-0.015684
0.064235
0.068517
0.079878
0.022197
0.084519
0.071145
0.142063
0.320228
0.297051
0.203631
0.147057
0.211530
0.260405
0.217347
0.131640
0.172320
0.184341
0.202716
0.026373
-0.000580
0.039348
-0.015681
-0.025696
-0.021860
-0.028780
0.184121
0.291942
0.547304
0.561897
0.082197
-0.224847
0.058385
0.379625
0.597057
0.287932
0.104225
0.179758
0.144700
0.196587
0.214448
-0.002336
-0.024812
0.070155
-0.061961
-0.040835
0.141449
0.424780
0.614192
0.258980
-0.338922
-0.469148
-0.372977
0.455224
0.989922
0.510225
0.184906
-0.067682
-0.210770
0.106912
0.186625
0.195653
0.007093
0.054207
-0.066081
0.132409
0.257982
0.336791
0.241053
-0.161736
-0.533267
-0.792956
-0.564442
-0.018209
0.279053
0.299526
-0.062291
-0.154536
-0.171622
-0.097447
-0.064001
0.061437
0.115135
0.033570
-0.088475
0.032795
0.303878
0.068656
0.225144
0.030009
-0.473141
-0.665438
-0.468009
-0.238612
-0.052404
-0.034534
-0.276251
-0.288184
0.129684
0.158966
-0.143494
0.089775
0.031532
-0.016908
0.082086
0.000252
0.118096
-0.146209
0.269714
0.261638
-0.182547
-0.598159
-0.568961
-0.005236
0.149293
-0.019377
-0.121661
-0.063257
0.206785
0.239438
-0.076585
0.063349
0.074646
0.024337
0.009120
0.083654
0.162822
-0.225201
0.105756
0.324775
-0.300889
-0.974665
-0.795842
-0.336757
-0.156029
0.052843
0.058565
0.006226
-0.001521
0.263408
0.196036
0.168117
0.052514
0.057386
-0.001733
-0.088221
0.232062
-0.339643
-0.414715
0.042517
-0.364731
-0.692385
-1.077122
-0.820224
-0.211732
0.248475
0.151638
0.128708
-0.321610
0.087924
0.157976
-0.025663
0.093238
0.091461
-0.097614
-0.118743
0.194549
0.019463
-0.216952
0.214123
0.379118
-0.159334
-0.765030
-0.599792
0.098896
0.463189
0.163675
0.257367
-0.311653
0.045808
0.156738
0.088913
0.034696
0.033006
-0.165173
-0.136134
0.261030
0.220324
0.195061
0.890550
0.871790
0.263002
-0.217008
-0.228341
0.354851
0.321520
0.297609
0.283153
-0.065155
0.221266
0.062758
-0.133001
-0.016591
0.076692
0.006495
-0.323221
-0.138255
0.041003
0.234309
0.497832
0.641443
0.413990
-0.248301
0.097535
0.477767
0.573171
0.117296
-0.129200
0.006594
0.339347
0.201786
-0.055671
-0.032075
0.051482
-0.092361
-0.093761
-0.033935
0.219240
0.139833
0.013556
0.329358
0.269060
-0.311144
-0.199089
0.200524
0.155789
-0.245565
-0.062850
0.287128
-0.011572
0.076696
-0.012484
0.046382
0.022968
0.072181
-0.036999
-0.121916
0.338413
0.298278
0.162755
0.300835
0.240786
-0.119716
-0.132388
0.167209
0.210499
0.129331
0.124799
0.236943
-0.054198
0.033615
-0.128900
0.000515
0.007568
0.003053
-0.034158
-0.085625
0.207028
0.055211
-0.059841
0.096155
0.068890
0.203077
0.060958
0.273597
0.480485
0.131035
0.005162
0.054410
0.012963
0.016629
-0.027639
-0.081509
0.047207
0.003435
-0.083637
0.034922
0.060961
-0.267080
-0.413716
-0.089759
-0.004281
0.098854
0.022162
0.132111
0.353387
0.212405
-0.135847
-0.030068
0.012886
0.029763
-0.022752
0.081820
0.088046
0.080212
0.065672
-0.089647
-0.070810
-0.218373
-0.331457
-0.163829
-0.063391
-0.063634
0.073647
0.095175
0.145899
0.070103
0.061645
0.001843
0.057052
-0.053628
0.014420
-0.049378
0.033693
-0.045479
0.070215
-0.061045
0.034746
-0.079965
-0.087759
-0.071880
0.065068
-0.047356
0.101642
0.116204
-0.003470
-0.027624
-0.082253
-0.010944
-0.057314
-0.022928
0.051519
0.081356
0.822874
-0.014964
0.027697
-0.004704
-0.008074
-0.018669
-0.090675
-0.037647
0.085836
-0.046740
-0.088088
-0.090035
-0.082115
-0.010273
-0.051557
-0.036529
0.022714
-0.050082
-0.058387
0.082002
-0.058395
-0.010507
-0.046653
-0.051509
-0.013810
-0.017963
0.015825
0.052345
0.088604
0.063873
-0.053417
-0.041582
-0.084831
0.060852
-0.060428
0.054669
-0.044211
0.073076
-0.078857
0.051835
-0.077235
-0.037171
-0.013011
-0.048589
0.037383
-0.097245
-0.143206
-0.092798
-0.084561
0.074849
0.058175
0.116000
0.015613
-0.017296
-0.104873
-0.100664
-0.080064
-0.051869
-0.083570
0.038336
0.030437
-0.011675
0.019688
0.050009
-0.122879
-0.134268
-0.129969
-0.057409
0.208871
0.342808
0.156764
0.111853
-0.119273
-0.100983
-0.403935
-0.730762
-0.462529
-0.280719
-0.229651
-0.051008
0.072622
-0.020347
-0.015895
0.073053
-0.097020
-0.277932
-0.311018
-0.024936
0.256029
0.494418
0.259272
0.091427
-0.299521
-0.063486
0.026153
-0.442586
-0.563606
-0.228223
-0.197107
0.047097
0.085826
0.049501
0.036805
-0.005915
-0.136111
-0.139946
0.063707
0.266226
0.460132
0.599837
0.589798
0.016524
-0.293221
-0.131960
-0.117758
0.018685
-0.141316
-0.074191
-0.133560
0.102559
-0.052799
0.005447
-0.011200
0.003363
-0.059352
-0.075018
0.118338
0.237315
0.496306
0.775078
0.424860
0.131607
-0.213126
-0.370260
-0.607585
-0.319319
-0.152248
0.075747
-0.024048
-0.050142
-0.053871
0.047847
-0.085087
-0.186841
-0.207168
-0.228941
-0.181224
-0.082083
0.704735
0.672744
0.262010
-0.266532
0.099395
-0.237966
-0.523091
-0.410855
-0.242758
-0.070900
-0.104947
-0.208215
0.060038
-0.045343
-0.104010
-0.122007
-0.378263
-0.413122
-0.281329
0.111280
0.559844
0.047370
-0.102281
-0.444172
-0.451076
-0.068822
-0.238156
-0.448871
-0.384240
-0.087632
-0.085394
-0.270451
0.001704
0.025726
-0.021104
-0.341097
-0.544356
-0.295364
-0.128506
-0.234537
0.140621
-0.151100
-0.045155
-0.349926
-0.165165
0.577058
0.313996
-0.425144
-0.517926
-0.342745
-0.248298
-0.271009
0.072659
-0.061107
-0.085731
-0.560984
-0.428696
-0.069480
-0.064222
-0.061399
0.023172
0.171283
-0.150466
-0.418756
0.087318
0.819264
0.411681
-0.372083
-0.450805
0.008702
0.037303
-0.114709
0.032403
0.027020
-0.159795
-0.327175
-0.487567
0.076101
0.220946
0.072377
0.160176
0.451446
-0.073040
0.209171
0.387981
0.351664
-0.042765
-0.387587
-0.169773
0.018087
-0.018054
0.020333
0.036805
0.085800
-0.048577
-0.548340
-0.717737
-0.214624
0.272916
0.274725
0.255709
0.115606
0.076735
0.745442
0.693370
0.176875
0.001730
0.039776
-0.053525
0.116091
0.025224
0.070709
0.014318
0.021099
-0.116743
-0.399950
-0.637565
-0.164559
0.373418
0.381184
-0.076939
-0.378731
0.257789
0.507139
0.156319
-0.290480
-0.308962
-0.300192
-0.248503
-0.129761
-0.119676
-0.099914
-0.092206
0.030807
0.040303
-0.279133
-0.346842
0.192705
0.421905
0.332698
-0.096899
-0.463638
0.059206
0.132359
-0.026097
-0.133659
-0.467652
-0.287098
-0.034066
0.214253
0.144526
0.021190
0.004482
-0.081604
-0.049519
-0.154078
0.140681
0.366489
0.264009
0.230887
-0.127069
-0.577802
-0.302763
-0.328523
-0.262218
-0.379312
-0.591847
-0.387148
0.108011
0.204857
0.183708
0.085375
0.057377
0.045622
0.015601
0.018991
0.130288
0.363800
0.139454
0.058941
-0.210398
-0.510178
-0.636467
-0.397580
-0.306200
-0.314079
-0.251142
0.090573
0.202948
0.194163
0.128771
0.002659
-0.061174
0.028241
0.074213
-0.066146
0.155002
0.153619
0.308664
0.355519
0.091094
-0.243566
-0.391943
-0.256187
-0.195573
0.003348
-0.087579
0.175138
0.144170
0.105131
0.015781
-0.014254
0.026617
0.050097
-0.010243
-0.044200
0.011875
0.015584
0.061146
0.200197
0.088049
0.113681
-0.107841
-0.015903
0.000375
-0.048309
0.020269
0.037544
0.082812
-0.014845
-0.072715
0.079886
-0.043762
0.064301
0.031516
-0.015755
-0.006091
-0.000953
-0.141502
-0.020909
0.042306
-0.063921
-0.016506
-0.073755
-0.082348
-0.004696
-0.037609
-0.005205
-0.054436
-0.013978
0.043234
0.058368
-0.014007
-0.751948
-0.037444
0.016081
0.089868
0.074986
-0.059006
-0.044925
-0.083628
-0.035645
0.022519
0.059458
-0.054201
0.055020
0.079803
0.069160
0.059078
0.014045
-0.024073
-0.089856
-0.025975
-0.002057
-0.026626
0.048959
-0.051507
0.079130
0.086356
0.068764
0.090805
0.078945
0.073736
-0.032299
-0.060047
-0.057839
0.001531
-0.065404
-0.064841
0.017878
0.024167
-0.022104
-0.084898
-0.033355
-0.082194
-0.088680
-0.031469
-0.003557
-0.058825
0.115664
0.085319
0.068706
0.044384
0.022448
-0.009751
-0.110224
-0.007235
0.023763
0.069267
0.017080
0.058128
-0.050339
-0.067961
0.054512
0.076773
0.067430
0.089785
0.022322
-0.088012
-0.107525
0.020439
0.048508
0.170550
0.291249
-0.021219
-0.192928
-0.197607
-0.063721
-0.049418
-0.113387
-0.070879
0.059156
0.002318
0.006959
0.075340
-0.065906
0.086755
-0.062663
-0.169244
-0.047617
0.210206
0.475177
0.520504
0.483025
-0.024092
-0.504896
-0.521116
-0.187570
0.128257
-0.141172
-0.229622
-0.081334
0.033773
0.063857
-0.072804
-0.016270
-0.034687
-0.091320
-0.136976
0.083729
0.387388
0.339362
0.434363
0.370239
-0.360415
-0.543510
-0.445303
-0.275642
0.083366
-0.053928
-0.203190
0.110519
0.048688
0.043352
0.031384
0.068201
-0.061021
-0.166756
-0.116491
0.101125
0.204822
0.051818
0.463735
0.282730
-0.222248
-0.502329
-0.122040
-0.190621
-0.130404
-0.048441
0.228770
0.222522
0.046640
0.051176
0.053187
0.084440
-0.023078
-0.206317
-0.133303
0.080606
0.077500
0.113747
0.426726
0.173793
-0.008927
-0.538222
-0.230925
-0.268974
-0.453496
-0.466453
0.202099
0.412815
0.208558
0.091153
0.071018
0.033905
-0.209389
-0.095778
-0.128649
0.262397
0.228112
0.095946
0.320630
0.233928
0.023283
-0.530090
-0.605139
-0.589110
-0.610980
-0.554712
-0.013708
0.386773
0.108795
0.070337
0.046994
0.028674
-0.005717
-0.242256
-0.074607
0.309320
-0.053693
0.039827
0.501725
0.595585
0.412686
-0.079477
-0.208866
-0.472491
-0.529808
0.048043
0.212349
0.281256
0.156279
-0.028299
0.088544
0.067477
-0.127215
-0.350216
-0.180382
0.117086
-0.121019
-0.001087
0.702904
0.949268
0.446827
0.024348
-0.077275
-0.493964
-0.129783
0.354093
0.232652
0.290290
0.104280
-0.034869
0.082081
-0.001178
-0.066762
-0.186991
-0.272784
0.126419
-0.087834
-0.047890
0.231849
0.775685
0.374160
0.073752
0.082074
-0.247640
-0.030957
0.086206
0.040679
0.166138
0.220999
0.082684
-0.069609
0.048677
0.076818
-0.021745
-0.028112
0.217901
0.006941
0.038104
0.463002
0.361943
0.372529
0.383647
0.017143
-0.231113
0.013289
-0.138070
-0.435450
0.038753
0.162380
-0.026825
-0.003246
-0.051299
-0.052070
0.025671
0.087404
0.184155
-0.057525
0.117726
0.349425
0.270516
0.277728
0.116995
-0.041269
0.050990
0.030794
-0.315561
-0.250798
0.079087
0.180356
0.024360
-0.031318
-0.022480
-0.126470
-0.114657
0.011190
0.302266
0.261632
0.209284
0.203022
-0.019024
0.026020
0.097818
-0.061432
0.197458
-0.061067
-0.215655
0.031181
0.041710
0.196071
-0.037202
0.082210
0.059485
0.010781
0.072360
0.034183
0.019292
0.210814
0.293977
-0.053483
-0.142564
-0.146464
-0.230577
-0.462618
-0.364854
-0.227182
-0.150266
0.006028
0.031187
0.124223
-0.024634
-0.003763
-0.057787
-0.008655
0.187732
0.071897
0.169835
0.457424
0.148935
0.069032
-0.181786
-0.376068
-0.216317
-0.589493
-0.445861
-0.204544
0.039282
-0.156286
0.005857
0.044948
-0.059845
-0.027122
0.027123
0.026829
0.085482
0.022613
0.147480
0.262870
0.000021
-0.139609
-0.223852
-0.095724
-0.178713
-0.485612
-0.395876
-0.176673
-0.017186
0.043813
-0.056330
-0.071249
0.059357
0.087843
-0.074345
-0.031934
-0.030216
-0.047053
-0.012582
0.122760
0.042169
-0.047679
0.028514
-0.091751
-0.193526
-0.067385
-0.109763
0.050976
0.072265
-0.043229
-0.085092
0.088952
0.085083
-0.083871
0.051843
-0.029477
-0.010800
0.034628
0.060718
0.082946
0.031379
-0.012119
-0.009635
-0.047990
0.035818
-0.073421
0.056907
0.010807
-0.060757
0.007517
0.045756
0.054129
-0.068153
0.236978
-0.006627
0.021879
0.058110
-0.016525
-0.083392
0.005547
0.065433
0.024460
0.013428
-0.008183
-0.035700
-0.024602
0.076099
0.090973
0.039084
0.028253
-0.039351
-0.041663
-0.086707
0.040659
-0.031257
-0.016662
-0.043501
-0.029653
-0.064028
0.013912
0.011461
0.085964
0.057903
0.089689
0.012615
0.066938
-0.078380
-0.009877
-0.057538
-0.026314
0.018664
-0.052214
0.060890
-0.010471
0.066185
0.086533
0.082864
-0.074149
-0.062823
-0.072764
0.019113
0.030463
-0.006764
0.105124
0.032280
-0.102537
-0.117474
-0.217322
-0.062344
-0.018922
-0.087653
0.035647
0.037320
0.059215
0.048049
-0.012109
-0.088183
0.065043
0.105848
-0.033136
-0.029239
-0.021113
0.213623
0.192573
0.204766
0.115307
-0.285899
-0.482908
-0.353451
-0.211472
-0.017898
-0.025013
0.021769
0.012228
0.056391
0.073646
0.041123
0.021620
0.010725
0.143059
0.044848
0.144326
0.450643
0.335926
0.328215
0.214765
-0.444805
-0.783607
-0.749618
-0.511171
-0.235385
0.243135
0.168002
0.017676
0.006352
0.058831
-0.023440
-0.105783
-0.042643
-0.131926
-0.077764
0.222243
0.255453
0.305554
0.354208
0.349124
0.028009
-0.899483
-1.026212
-0.768904
-0.136470
0.422912
0.275274
-0.058298
0.080182
-0.029994
0.041891
0.007704
-0.145328
-0.204652
-0.145940
0.087315
0.413644
0.335010
-0.048632
0.192968
0.298731
-0.458123
-0.919593
-0.508390
-0.074171
0.188483
0.349031
-0.017890
-0.071402
0.039608
-0.000333
0.055571
-0.157211
-0.203742
-0.043691
0.226441
0.265153
0.195912
-0.179549
0.015037
0.020835
-0.271466
-0.517210
-0.568092
-0.555815
-0.087677
0.239695
-0.067394
-0.014340
-0.092296
-0.092518
-0.100831
-0.162620
-0.159759
-0.075955
0.184668
0.079113
-0.065565
-0.359328
-0.239723
0.087692
0.186908
-0.267151
-0.584608
-0.681363
-0.130044
0.189838
0.097004
-0.025276
-0.061657
-0.074307
-0.331226
-0.338649
0.040389
0.115767
0.078883
-0.029798
-0.620695
-0.477761
-0.289083
0.475780
0.361157
0.131368
-0.315648
-0.794370
-0.459643
0.055995
0.003294
0.005603
0.032556
-0.035971
-0.560807
-0.416029
0.183116
-0.220587
-0.452276
-0.191247
-0.359819
-0.011842
0.050448
0.626794
0.407783
0.259056
-0.132151
-0.546453
-0.334000
0.181827
0.078733
-0.078827
0.033012
0.051930
-0.503253
-0.427713
0.093907
-0.096806
-0.140565
0.477368
0.451773
0.528658
0.831692
0.401757
0.177630
0.187833
-0.329894
-0.583691
-0.179292
0.131452
0.022399
-0.088857
0.095967
0.166540
-0.410405
-0.395905
0.048248
-0.333625
-0.127626
0.681734
0.806539
0.545879
0.658783
0.131409
-0.258518
-0.062858
-0.605039
-0.455158
0.045525
0.113150
0.050302
-0.053990
0.002183
0.261109
-0.271466
-0.675569
-0.303474
-0.429520
-0.067343
0.263604
0.666429
0.798990
0.334792
0.235817
-0.155316
-0.456677
-0.525198
-0.423966
-0.155449
0.148935
-0.004621
0.051905
0.101832
0.194787
0.060264
-0.334606
-0.214552
-0.194380
-0.007559
0.476769
0.585003
0.752971
0.370144
0.014481
-0.003375
-0.370734
-0.348860
-0.139687
-0.019990
0.252296
0.065288
-0.024965
0.099089
0.070363
-0.071323
-0.225906
-0.426052
-0.546390
-0.130610
0.400276
0.358574
0.742681
0.381289
-0.285995
-0.455975
-0.251496
-0.028656
-0.002948
0.135779
0.140746
0.048579
-0.045258
-0.033513
0.039878
-0.045477
-0.088801
-0.683233
-0.740515
-0.350940
-0.096199
0.019121
0.217016
0.192622
-0.286476
-0.568361
-0.320873
-0.157630
0.080942
0.184649
-0.024675
-0.032251
0.041317
-0.055517
0.025732
0.016993
-0.144069
-0.459030
-0.629679
-0.372858
-0.051015
0.021309
-0.020867
-0.038250
-0.095379
-0.234638
-0.069513
0.027925
0.065229
-0.005212
0.008090
0.021133
-0.040654
0.089276
0.078780
-0.001349
-0.029157
-0.285592
-0.184196
-0.031330
-0.149625
-0.094038
0.053713
0.017513
-0.017975
0.045769
-0.038481
0.008821
-0.059966
-0.035711
0.018780
0.040799
0.076526
0.058311
0.003748
0.074693
-0.011657
-0.045899
-0.091017
-0.001977
0.085928
-0.074287
0.040099
0.017977
-0.030096
-0.024634
0.082543
0.089594
0.023583
-0.090080
-0.009877
-0.029707
-0.527027
0.007185
-0.013934
-0.005767
0.031148
0.003899
-0.030452
0.070482
-0.086253
-0.062350
-0.071794
0.042422
0.087686
0.076614
-0.042500
-0.087044
0.017687
0.046473
0.090540
0.061703
-0.003385
-0.046449
-0.011659
-0.028961
0.013972
0.023632
-0.010171
-0.015711
-0.039664
-0.053923
-0.089239
0.007819
0.063238
-0.054266
-0.047042
-0.017565
0.037147
0.055097
0.029148
0.073950
0.050051
0.001960
-0.034712
0.074563
0.068344
0.007060
-0.035585
-0.106632
-0.277899
-0.412817
-0.183089
-0.007951
-0.006384
-0.081172
-0.156574
0.048090
-0.056473
0.009846
-0.026337
0.079156
0.009777
0.056721
0.004602
0.036880
-0.004746
-0.114986
-0.192830
-0.266817
-0.413712
-0.308180
-0.158262
-0.109600
-0.395127
-0.485680
-0.310866
-0.057779
-0.017469
0.022703
0.064783
-0.008622
-0.041214
-0.016678
0.029059
-0.021397
-0.107809
-0.127251
-0.390738
-0.405839
-0.170220
0.201343
0.145966
-0.117576
-0.473646
-0.677458
-0.249093
0.039196
-0.002462
-0.005959
-0.082235
-0.060946
0.008730
-0.058833
0.058970
-0.058794
0.037705
-0.046334
-0.261332
-0.260326
-0.049325
0.397961
0.794667
0.272964
-0.206335
-0.458046
-0.394572
0.090325
0.059073
-0.186531
-0.318198
-0.152581
0.037615
-0.084919
0.011490
-0.033746
-0.138520
-0.083862
-0.029188
-0.150270
-0.155260
0.221119
0.529208
0.232518
-0.089685
-0.357137
-0.492091
-0.349821
-0.143090
0.244365
0.089471
-0.287402
-0.051432
0.071504
0.055465
-0.085521
-0.236771
0.197727
-0.109080
-0.129947
0.031468
0.054002
0.107535
0.173832
0.217834
-0.295590
-0.691234
-0.470776
-0.096674
0.353148
0.120103
-0.337698
-0.062517
0.073049
-0.076882
-0.242242
-0.080457
0.097512
-0.152765
-0.088556
0.006540
0.101012
0.454477
0.578158
0.290490
-0.162313
-0.625887
-0.514153
-0.459407
0.116096
-0.075376
-0.379131
-0.098435
-0.088918
-0.041050
-0.226272
-0.384226
0.121445
-0.075564
-0.110743
-0.038182
0.341036
0.973597
0.739325
0.675021
0.111318
-0.415274
-0.505753
0.054040
0.403483
0.303022
-0.220274
-0.012130
-0.013091
-0.084956
-0.173563
-0.324222
-0.081408
0.044219
-0.211276
-0.445105
0.304828
1.064602
0.812627
0.545230
0.094024
-0.225782
-0.157141
0.142130
0.172661
0.010294
-0.004181
-0.036784
0.036182
-0.039661
-0.228987
-0.086212
-0.088019
0.071891
-0.028313
-0.649057
-0.197450
0.490190
0.672870
0.473969
-0.000422
0.176974
-0.021032
-0.043136
0.262483
0.043486
-0.025800
-0.074006
0.000682
0.011664
-0.338553
0.082645
0.090239
-0.082445
-0.120626
-0.629440
-0.557830
0.186548
0.297883
-0.052088
-0.104265
-0.092594
-0.031488
0.192168
0.471313
0.169578
-0.081550
-0.001132
-0.017723
-0.101207
-0.181481
0.187259
0.238298
0.241038
0.049001
-0.513431
-0.327111
0.215947
0.066269
-0.506115
-0.324005
-0.042945
0.096005
0.236568
0.298191
0.144894
-0.075009
-0.065237
0.005186
-0.070442
-0.099661
0.087452
0.286685
0.223079
0.022114
-0.318895
-0.508277
-0.270216
-0.570195
-0.716194
-0.457226
0.075193
-0.109514
-0.223783
0.253477
0.159242
0.054857
0.060327
-0.062871
-0.000620
-0.006435
0.186960
0.287218
0.085346
-0.168182
-0.590594
-0.441275
-0.360128
-0.541363
-0.718530
-0.622382
-0.261962
-0.159869
-0.004012
0.168584
0.009313
-0.033448
-0.168980
-0.012783
0.074227
0.005625
0.251894
0.234901
0.370194
0.023766
-0.239859
-0.274606
-0.372352
-0.316203
-0.603163
-0.468465
-0.212798
0.049589
0.160805
0.059238
-0.030377
0.071745
0.045878
-0.021572
0.060778
0.074798
0.020432
0.165407
0.486875
0.344315
0.058101
0.059033
-0.257695
-0.267780
-0.099615
-0.105231
-0.095113
0.009250
0.075960
0.091126
0.032281
0.022115
-0.051902
0.064542
-0.007607
-0.053475
0.001580
-0.019390
0.176510
0.161268
0.109145
-0.012434
-0.160070
-0.147457
-0.015540
-0.074140
0.015341
-0.033752
-0.079770
0.023511
-0.049465
0.044631
-0.006633
0.052301
0.040695
-0.002943
0.008220
0.080704
0.075038
-0.015497
-0.049423
-0.022857
0.014566
-0.086021
-0.021504
0.005707
-0.048969
0.010485
0.075764
-0.020806
0.002330
0.061832
0.008201
-0.297143
-0.088770
-0.076785
0.038304
0.026491
0.052791
-0.020095
-0.020222
-0.085596
0.069571
0.052772
0.069090
0.034202
-0.023651
0.033984
0.076612
-0.077448
-0.087864
-0.064396
-0.079647
-0.017149
-0.075849
0.034167
-0.047203
0.046036
0.014815
0.063666
-0.004108
0.069431
-0.028105
-0.025883
-0.018881
0.029011
0.021096
0.038940
-0.025983
-0.089443
-0.039191
-0.078808
0.045212
0.020024
-0.085397
0.052767
-0.069561
0.003028
-0.076432
-0.034945
-0.044063
-0.172989
-0.069682
-0.073179
0.031889
0.005400
0.003261
0.083441
-0.103802
0.034210
-0.068630
0.031196
0.051552
0.064705
-0.075979
-0.051163
0.000305
0.080209
-0.114693
-0.086138
0.007218
-0.175384
-0.073236
-0.071820
-0.018534
0.021233
0.123884
0.208473
0.165029
0.050453
0.004330
0.045213
-0.080980
0.005361
-0.009542
0.078941
0.053101
0.114193
0.054551
0.017707
-0.171785
-0.085684
0.012769
-0.081741
-0.138583
0.096454
0.099462
-0.116783
0.101864
0.077961
0.039963
-0.118467
-0.001251
-0.010063
0.001703
0.069841
0.079466
0.090137
0.072040
-0.227138
-0.305518
-0.096857
-0.418214
-0.227083
0.249604
0.220563
-0.125805
0.029439
-0.278997
-0.002829
0.052735
-0.182328
-0.172169
-0.066047
0.013639
0.059213
0.139246
0.205395
-0.115724
-0.281912
-0.106826
-0.189882
-0.385907
-0.164641
0.378442
0.624759
0.324691
0.484393
0.029945
-0.016657
-0.276234
-0.255070
-0.084021
0.061940
-0.041171
-0.043637
0.231554
0.298350
-0.099264
-0.084149
-0.040504
-0.383858
-0.617992
-0.521456
-0.078652
0.216136
0.154761
0.530276
0.172603
0.223419
-0.506391
-0.402969
-0.004256
-0.044812
0.088998
0.010897
0.311072
0.160444
-0.113608
0.092021
-0.158595
-0.594743
-0.756592
-0.499741
-0.097329
0.185283
0.371798
0.426650
0.200757
0.072693
-0.749836
-0.415062
0.007489
0.061165
-0.065089
0.074218
0.290709
0.156795
-0.115618
0.088530
0.322685
-0.343175
-0.599403
-0.124490
0.110823
0.272664
0.444551
0.431152
0.261994
0.134783
-0.703265
-0.451440
0.071936
0.093207
-0.087630
0.079402
0.336547
0.220770
0.018111
0.295006
0.242235
-0.176016
-0.242121
-0.087805
0.477271
0.598281
0.273866
0.220070
0.269957
-0.062783
-0.545629
-0.607358
0.094244
0.113068
0.064403
0.029871
0.250288
0.014458
-0.260377
0.128358
-0.236605
-0.585184
-0.258921
-0.123559
0.202516
0.208334
-0.151323
0.063170
0.140864
-0.120529
-0.424614
-0.285428
-0.011453
-0.048555
0.077957
0.080785
0.145504
0.006566
-0.219677
-0.229115
-0.645196
-0.682909
-0.227351
-0.184148
0.103280
0.217851
0.050555
0.298856
0.043515
0.070116
-0.199523
-0.031920
0.212787
0.076317
0.036698
-0.012748
0.308038
0.199187
-0.050680
-0.455582
-0.455426
-0.257281
-0.189585
-0.078149
-0.209841
-0.113512
0.104844
0.283947
0.428180
0.410614
-0.017030
0.276908
0.249453
0.096429
-0.053447
-0.012466
0.443425
0.222398
-0.314955
-0.495342
-0.290632
-0.008596
0.038460
0.155738
-0.134081
-0.223219
0.067298
0.122766
0.437210
0.123834
-0.118253
0.171154
0.178395
0.087499
-0.003439
-0.009060
0.149932
-0.190853
-0.390324
-0.394651
-0.443177
-0.214566
-0.021380
-0.110031
-0.135591
0.022371
0.220477
0.241729
0.104989
-0.108081
-0.120254
0.076815
0.067343
0.067083
0.018460
-0.028410
-0.122123
-0.182171
-0.460276
-0.431451
-0.563113
-0.377810
-0.113155
0.146589
0.087246
0.002266
0.257123
0.307817
0.147283
-0.084853
-0.029360
0.099128
0.087274
0.058222
0.003817
-0.019034
-0.046024
-0.095596
-0.282335
-0.393716
-0.535745
-0.166609
0.225611
0.199022
0.010515
-0.084028
0.146577
0.174656
0.126988
0.079108
0.047656
-0.017292
0.003410
-0.031979
-0.034836
-0.016710
0.030615
0.003034
-0.115647
-0.167878
-0.249531
-0.121994
0.055405
0.044365
0.091087
0.133273
0.144086
0.101014
-0.024017
0.029936
-0.035696
-0.025964
-0.080918
0.001416
0.031629
-0.082188
-0.062148
0.012654
-0.040289
-0.109409
0.034237
-0.044467
-0.034662
-0.088616
0.086639
0.066918
-0.003373
-0.041153
-0.057133
-0.086159
0.072219
-0.057488
-0.058537
0.000652
-0.302879
-0.039523
0.017080
-0.069211
-0.008106
-0.086215
-0.015836
0.092095
-0.088537
-0.066626
-0.050521
0.051254
-0.022418
0.042613
0.064950
-0.088780
-0.073809
0.043160
-0.014393
-0.051254
0.060403
-0.071920
-0.062909
-0.054537
0.029091
0.055158
-0.038753
0.045156
0.078818
0.108461
0.007718
0.050498
0.081878
0.074499
0.069723
0.011837
0.037490
0.021925
0.075557
0.073906
0.039388
-0.006343
-0.042981
-0.055763
0.082045
0.088877
0.022322
0.145510
0.179681
0.168632
0.024252
-0.006682
-0.012164
-0.043638
0.032686
-0.018514
0.123824
0.012751
0.007882
0.029743
0.010330
-0.022117
0.004424
-0.061342
-0.016938
0.030077
0.238413
0.188784
0.157468
-0.028992
-0.233492
-0.305698
-0.184966
-0.114015
-0.107588
-0.015145
0.099139
0.084871
-0.098090
-0.056426
0.017779
0.003768
0.066017
-0.048421
-0.011223
0.209044
0.396123
0.253043
0.140364
-0.391024
-0.674026
-0.749058
-0.628519
-0.244617
-0.368843
-0.257030
0.124302
0.308160
0.111516
-0.019360
-0.055265
0.038522
-0.009074
0.041635
0.226242
0.273617
0.465782
0.471826
0.070100
-0.289835
-0.607239
-0.863963
-0.494154
-0.013313
-0.246049
-0.323321
0.222849
0.484221
0.238659
0.170232
0.006141
-0.055226
0.008038
0.002817
0.118184
0.295872
0.220707
0.512307
0.143201
-0.282881
-0.724451
-0.489954
-0.183069
0.048913
-0.011880
-0.238885
-0.054260
0.203459
-0.112710
0.062663
0.087807
-0.065413
0.044226
-0.078360
0.058493
0.065663
0.318230
0.412124
0.193028
-0.311988
-1.241737
-0.859391
-0.245486
-0.164322
0.186513
0.249308
0.018896
-0.301121
-0.276165
0.241865
0.083470
0.054255
0.084523
0.012693
0.110484
0.011711
0.410604
0.639675
0.205068
-0.672004
-1.447741
-0.886754
0.011437
0.283701
0.245649
0.160049
-0.089408
-0.549435
-0.151670
0.209954
0.124153
-0.058827
-0.008118
0.039221
0.219311
0.051192
0.312183
0.455993
-0.027979
-0.622680
-0.577209
-0.055213
0.403891
0.380534
0.172030
0.143374
-0.435300
-0.661884
-0.332160
0.184807
0.093869
-0.036002
0.017061
0.071162
0.080446
-0.071053
0.235405
0.439964
0.386659
0.210225
0.126459
0.191052
0.220133
0.333893
0.241324
0.143563
-0.426558
-0.224640
-0.104143
0.065004
0.088285
0.024629
0.052632
0.046533
-0.080570
0.016927
-0.003970
0.182679
0.538002
0.335500
-0.070778
-0.090278
-0.101332
-0.067873
-0.195276
-0.132300
-0.156984
0.148564
0.057706
0.147155
0.002156
0.077990
-0.068681
-0.201433
-0.362795
-0.207552
0.003634
0.260742
0.177361
-0.072803
-0.039126
0.126732
0.077104
-0.199070
-0.291405
-0.305298
0.008380
0.386453
0.180068
0.303364
0.070742
-0.080559
-0.037958
-0.328531
-0.346583
-0.127793
0.284388
0.303181
0.032562
0.114302
-0.042569
-0.006404
-0.061884
-0.234378
-0.213390
-0.076112
0.003153
0.072158
0.106654
0.088225
-0.033434
0.010829
-0.027248
-0.192523
-0.238896
-0.211539
-0.048594
0.055968
0.066752
-0.128558
-0.290376
-0.098419
-0.381966
-0.580675
-0.236614
0.108397
0.009097
0.078840
-0.044962
-0.014745
-0.062015
0.054876
-0.069673
0.015190
-0.176177
-0.296815
-0.232731
-0.188865
-0.146206
-0.170125
-0.230098
-0.066933
-0.222408
-0.326211
-0.056796
0.021976
0.097164
0.011517
-0.008393
-0.057247
-0.046323
0.018554
-0.004657
-0.067519
-0.025236
-0.249504
-0.569195
-0.376199
-0.141884
-0.196715
-0.080854
-0.236366
-0.178458
-0.137704
0.069593
0.094641
0.088808
0.057047
0.055507
-0.098521
-0.012372
0.083210
-0.068308
0.005356
0.047346
-0.202293
-0.345986
-0.413068
-0.080397
-0.107437
-0.142672
-0.217170
-0.081243
0.086842
0.214793
0.228275
0.146446
0.043473
0.036925
-0.045764
0.023353
-0.059616
0.080274
0.070685
0.021303
-0.022217
-0.184207
-0.084361
0.047139
0.103609
0.072795
0.081398
-0.020011
0.090308
-0.012056
0.131329
0.054557
-0.004802
-0.074081
-0.005431
0.049751
-0.077726
-0.043762
0.039186
0.059014
0.056241
-0.020546
0.056417
-0.048549
0.034636
-0.032721
0.064855
-0.049505
-0.044398
-0.036483
0.010015
-0.000325
-0.070296
0.039183
0.001759
0.043270
-0.380265
0.025962
0.090295
0.046107
0.035435
0.026573
-0.010881
-0.009172
0.082408
0.071431
-0.009077
0.006188
-0.084699
-0.002276
-0.042988
0.045563
0.018193
0.043493
0.022550
-0.021917
0.086496
0.069149
0.011264
-0.090181
0.088137
0.083820
0.057943
-0.076526
0.002540
0.074438
0.000748
0.071016
-0.092446
0.025377
-0.036186
0.057791
-0.074664
-0.007017
-0.007376
0.081177
0.033448
-0.060219
0.074916
-0.014648
-0.038433
0.020579
-0.153762
-0.074435
-0.132433
0.006587
-0.028342
-0.001929
-0.041712
-0.061667
-0.122502
-0.046374
-0.059531
-0.094358
0.029532
-0.084446
0.062990
-0.017833
-0.077969
0.092046
-0.052731
-0.190474
-0.323489
-0.395609
-0.213384
0.135276
0.335151
0.267937
-0.185057
-0.375890
-0.393631
-0.130232
-0.097863
-0.056358
-0.099213
-0.068965
0.049508
0.004168
0.085302
-0.049799
-0.089353
-0.307199
-0.431473
-0.325957
0.283193
1.046654
1.151544
0.427908
-0.053701
-0.617737
-0.462565
-0.112527
-0.018813
-0.153682
-0.304140
0.062874
-0.069741
0.062868
-0.027222
0.023357
-0.192966
-0.490776
-0.657838
-0.588276
0.372859
1.174153
1.074255
0.244075
-0.321858
-0.353862
-0.257708
-0.177269
-0.050943
-0.355006
-0.365209
-0.087646
-0.063842
-0.004115
0.034550
0.028334
-0.259207
-0.432429
-0.468750
-0.231431
0.454658
0.964960
0.764835
0.092527
-0.182210
0.154451
-0.123028
-0.212137
0.101377
0.074738
-0.176664
-0.086459
0.053332
-0.012263
0.142581
-0.005998
-0.234053
-0.222851
-0.338027
-0.125754
0.585719
0.779290
0.351697
0.070720
0.064181
0.344397
0.259800
-0.020992
0.119439
0.172005
0.076344
0.081662
-0.031629
-0.083219
0.055357
-0.116312
-0.037363
0.034936
-0.113920
-0.148032
0.445288
0.435689
0.094915
-0.416698
-0.269516
0.010246
-0.242116
0.036377
-0.016702
0.079023
0.132646
0.097703
-0.064668
-0.006042
0.057820
0.067316
-0.145946
0.133927
0.283271
0.070680
0.325446
0.339915
0.275575
-0.257136
-0.219081
-0.290866
-0.344235
0.136093
0.059321
-0.029785
-0.213327
0.069547
-0.115850
0.045090
0.241245
0.463999
-0.142060
0.439405
0.987374
0.492659
0.050423
0.187151
0.534681
0.203929
-0.185237
-0.141197
-0.010775
0.066733
0.339013
-0.014774
-0.189932
0.260754
0.103396
-0.076884
0.200800
0.399614
-0.099211
0.279837
0.983556
-0.128031
-1.032832
-0.385433
-0.037125
-0.356510
-0.401858
-0.475606
-0.338920
-0.138438
0.238488
-0.190043
0.077899
0.225651
0.052778
-0.085257
0.101602
0.303097
0.030336
0.189160
0.452243
-0.638715
-0.756983
-0.026613
-0.047273
-0.101443
-0.167532
-0.351383
-0.035429
0.193901
-0.119346
-0.177716
0.168351
0.421386
-0.035658
-0.082509
0.129735
0.347154
0.200351
0.235789
-0.180245
-0.781284
-0.319237
0.062884
0.239469
0.106641
-0.465073
-0.286377
0.253700
0.242915
-0.020245
-0.145337
0.175533
0.370822
0.017630
0.068416
0.049454
0.258610
0.237783
-0.179183
-0.472901
-0.911414
-0.469814
0.359403
0.151279
0.078114
-0.070122
0.036504
0.178882
-0.262364
-0.343396
0.027509
0.299613
0.302256
0.066490
0.035138
-0.042452
0.019792
0.079393
-0.292057
-0.529820
-0.507197
0.030650
0.643410
0.457891
0.464550
0.188711
-0.122173
-0.161033
-0.316638
-0.253903
0.021241
0.106541
0.142593
0.027191
0.042672
0.050948
-0.008114
-0.087392
-0.285131
-0.222474
-0.073828
0.121182
0.471291
0.318494
0.459182
0.200452
-0.254578
-0.123822
-0.053121
-0.045266
0.010793
-0.026042
0.004146
0.029866
-0.020036
0.027468
0.064596
-0.015474
-0.009994
0.007592
0.254085
0.150541
0.140252
0.239418
0.316431
0.024047
-0.161246
-0.129855
-0.064213
0.013643
0.024317
-0.020277
-0.060037
0.011572
-0.027617
0.067403
0.009909
-0.049221
-0.026843
0.073668
0.102514
-0.016354
-0.139354
-0.065242
-0.000141
-0.157984
-0.098862
-0.058378
-0.116456
-0.045314
-0.079610
0.062817
0.050021
0.030431
-0.036128
-0.068704
-0.033158
-0.024368
0.082469
0.034648
-0.029986
-0.080051
-0.036503
0.083194
0.029387
-0.034701
0.014687
0.042102
0.043300
-0.066995
-0.010763
-0.023884
0.055056
0.013857
0.168289
-0.028646
-0.077786
0.089460
-0.073108
0.022700
-0.034419
0.066205
-0.052806
0.036551
-0.035460
-0.026535
0.025262
-0.032801
0.035321
0.013733
0.088208
0.015110
0.086783
-0.069585
-0.027207
0.011132
0.004084
-0.038678
-0.070720
0.034236
-0.032382
-0.005666
0.051939
0.061322
0.006636
0.016005
-0.081217
-0.032830
-0.017137
0.012868
-0.029739
0.034377
0.007070
-0.067296
0.058508
0.050721
0.021889
-0.086800
-0.002889
-0.065953
0.017298
-0.014177
-0.108334
0.056464
-0.037051
0.037906
0.078948
0.074699
-0.077168
0.032781
0.119554
-0.013098
-0.068919
-0.002173
0.076484
-0.047622
0.027839
0.015037
-0.099814
-0.144709
-0.079442
-0.166649
-0.104521
-0.079545
-0.044395
-0.144346
-0.182720
-0.002016
-0.042038
0.095380
-0.049056
-0.088304
-0.101401
0.033133
0.062400
-0.083680
0.037068
-0.066225
0.044877
-0.190192
-0.103570
-0.118960
-0.219827
-0.160833
-0.189321
-0.440612
-0.432251
-0.144989
0.125721
0.257930
0.223617
0.111881
-0.065364
-0.133464
0.078391
-0.070211
0.085848
0.002897
0.078750
0.023297
-0.022859
-0.155479
-0.098504
-0.115869
-0.287754
-0.464172
-0.619077
-0.367396
0.239050
0.542132
0.505559
0.157701
-0.290252
-0.083494
0.061376
0.016380
0.091284
0.039037
0.014212
-0.028610
0.116654
0.309425
0.093164
-0.202308
-0.257173
-0.128801
-0.034874
-0.195195
0.408363
0.705820
0.371285
0.056137
-0.124251
-0.098586
0.057120
-0.089865
0.078068
0.154919
0.073238
-0.005995
0.324014
0.205073
-0.023138
-0.244147
-0.320406
-0.260336
0.044574
-0.013352
0.457726
0.655714
0.502832
0.165823
-0.173269
-0.239321
-0.001756
-0.077431
-0.031964
0.274270
0.074470
-0.016567
0.264347
0.138964
-0.127167
-0.116524
-0.152910
-0.258525
0.161366
0.220862
0.274826
0.564070
0.394951
-0.113207
-0.265327
-0.201422
-0.069237
-0.088190
0.023191
0.266971
-0.047448
-0.156413
-0.242758
-0.115264
-0.119304
0.020424
0.200823
0.205585
0.389552
0.434367
0.311273
0.431525
0.077418
-0.314379
-0.363635
-0.179916
-0.018422
-0.023380
0.115347
0.198936
-0.027994
-0.055978
-0.412907
-0.159505
0.039564
0.015634
0.087479
0.449212
0.666421
0.327134
0.552582
0.374500
-0.020427
-0.204141
-0.324684
-0.132222
0.002478
0.022592
0.068046
0.160238
0.153885
0.017352
-0.549234
-0.608270
-0.160602
-0.211915
-0.255886
-0.010864
-0.409066
-0.278658
-0.002777
0.153163
-0.008123
-0.098093
-0.135790
-0.057420
-0.039964
-0.018652
0.171096
0.117948
0.321759
0.112497
-0.744624
-0.575018
-0.580338
-0.606876
-0.240638
-0.219840
-0.381498
-0.261488
0.029682
0.017975
0.179122
-0.091531
-0.178399
-0.077207
-0.024107
0.048397
0.042400
0.153731
0.382156
0.189048
-0.439200
-0.352147
-0.828885
-0.703946
0.045082
-0.023730
-0.071178
-0.115241
0.064138
0.290094
0.222243
-0.202199
-0.066713
-0.132979
-0.083866
0.021758
-0.062846
0.113430
0.319818
0.076639
-0.209090
-0.280697
-0.471657
-0.441048
0.022116
0.305647
0.093716
0.005099
0.188661
0.234509
-0.015490
-0.213206
0.039839
-0.145974
-0.026115
-0.059727
0.017634
0.077099
0.246666
0.106184
-0.069970
-0.241516
-0.544124
-0.340348
-0.256190
-0.002731
0.260130
0.288458
0.315675
0.175500
-0.006052
-0.053529
0.010345
-0.043044
-0.020562
0.057937
-0.050869
-0.049958
0.054582
0.096054
0.049868
-0.264008
-0.557452
-0.443744
-0.230125
-0.217720
-0.082967
0.281079
0.371041
0.282165
0.101806
0.078590
-0.067695
-0.070912
0.016642
-0.056018
-0.070653
0.075739
0.075843
0.221531
0.233214
0.139381
0.057993
-0.137757
-0.019965
-0.079148
0.087992
0.132134
0.242044
0.204962
0.157610
-0.036568
-0.030345
-0.033827
-0.047320
-0.086813
0.045887
0.089630
0.064692
0.053462
0.196799
0.229749
0.139393
0.139512
-0.015050
0.061922
0.049616
0.123221
0.025357
0.078695
0.019188
-0.084780
0.021288
-0.087968
0.007569
0.059168
0.023953
-0.062095
-0.005743
-0.074283
0.072200
-0.005130
0.086967
0.029311
0.006335
-0.024985
0.052242
0.029250
-0.063789
-0.066160
0.040230
-0.003584
-0.035941
-0.073837
0.064512
-1.244119
-0.000330
0.077391
0.034115
-0.051870
0.024711
0.012057
0.058345
0.034604
-0.064715
-0.009356
0.015219
-0.010107
0.047154
-0.013016
-0.045159
0.000794
0.043416
-0.084038
0.077150
0.050277
-0.046268
-0.032755
-0.070492
0.011828
-0.060225
-0.044268
0.046112
-0.042549
-0.072673
-0.113048
0.062856
-0.078473
0.006671
0.039498
-0.116678
0.033976
-0.016024
0.028225
0.031987
-0.086706
-0.084976
-0.014506
-0.000002
0.013348
0.013269
0.119519
0.115794
-0.085645
0.007365
0.140246
0.010136
0.070440
0.057458
0.126892
0.023832
0.107301
0.149937
0.064259
0.057115
0.059424
0.022903
-0.008857
0.037830
0.005363
0.236683
0.252273
0.072234
0.153537
0.157314
0.037713
-0.125949
-0.037322
0.047428
0.319182
0.412121
0.187004
0.220185
0.055844
-0.080689
-0.051637
0.054463
-0.080967
0.052595
0.162712
0.382438
-0.034322
0.037375
0.058545
-0.237362
-0.522640
-0.560943
-0.535728
-0.320123
-0.000148
0.408648
0.442982
0.201363
-0.045654
-0.125473
-0.064234
0.026376
-0.040044
-0.080512
0.350819
0.408435
0.102464
0.063388
0.037832
-0.408760
-0.430350
-0.246389
-0.303711
-0.431136
-0.453106
0.007335
0.318764
0.359880
0.079966
0.001479
-0.099018
-0.002463
-0.012369
-0.056344
0.124183
0.099912
-0.116269
-0.156694
-0.465139
-0.540036
-0.317428
-0.163846
-0.472738
-0.414263
0.024760
0.036327
0.114053
0.171338
-0.077315
-0.106145
0.022761
-0.007008
-0.010160
0.007325
0.051031
0.228530
0.093298
0.061792
-0.321267
-0.383269
-0.511638
-0.380842
-0.208095
-0.276658
0.035116
0.126286
-0.092956
-0.067900
-0.078990
-0.001760
-0.054650
-0.010768
-0.044500
0.151483
0.316753
0.124391
0.034630
-0.123231
-0.700623
-0.616864
-0.441661
0.012640
0.378929
0.160522
0.196276
0.053894
-0.210470
-0.388677
-0.243826
-0.091502
0.035134
-0.063022
-0.025206
0.318914
0.404459
0.176040
0.112147
0.055325
-0.521461
-0.021942
0.003064
0.331872
1.184138
0.887113
0.263653
0.010229
-0.030350
-0.248902
-0.065503
-0.139954
0.008744
0.049691
-0.014934
0.203343
0.435943
0.109259
0.132609
0.288396
0.205400
0.727682
0.801418
0.849971
1.070098
0.323900
-0.302700
0.069213
-0.159584
-0.334349
-0.232402
-0.139217
0.036356
0.064098
-0.006313
0.109819
0.577452
0.127737
0.071132
0.567982
0.722677
0.493332
1.054014
0.617459
0.298825
-0.271565
-0.041000
0.029456
-0.035244
-0.191173
-0.357537
-0.102294
0.009824
0.074090
-0.114524
-0.039206
0.297276
-0.055390
-0.046633
0.335333
0.045008
-0.173249
0.192118
0.085029
-0.181913
-0.338876
-0.068849
-0.148262
0.364168
0.216517
-0.066843
-0.043797
-0.037353
0.039417
-0.045198
-0.092450
-0.019972
-0.222090
0.358881
-0.033625
-0.277849
0.184009
0.099520
0.232931
-0.178268
-0.612502
-0.292971
0.313018
0.361936
0.186044
0.184434
0.021201
0.015854
-0.035929
0.020118
-0.181177
-0.479633
-0.249100
0.195636
0.438954
0.435882
0.670662
0.203314
0.002023
-0.247886
-0.611911
0.020608
0.679777
0.316226
0.223747
0.135103
0.126117
0.085463
-0.028070
0.015451
-0.087223
-0.252243
-0.483188
-0.205065
-0.065351
0.308477
0.071594
0.115272
-0.325771
-0.532004
-0.123515
0.255608
0.502286
0.306556
0.243307
0.142805
0.138461
-0.088033
0.083843
0.041612
0.062689
-0.122924
-0.307278
-0.272535
-0.174111
0.053354
-0.020159
-0.229398
-0.515354
-0.641930
-0.198571
0.302771
0.104773
0.189112
0.108649
-0.017060
-0.011037
0.003746
-0.060067
0.066816
-0.006742
0.014396
-0.286299
-0.426196
-0.469453
-0.163340
0.016284
-0.235077
-0.447320
-0.271439
0.019342
0.180275
0.025685
0.103153
-0.020655
0.050032
-0.088029
-0.022120
-0.077906
-0.033915
-0.027755
0.056192
0.005367
-0.038584
-0.206029
-0.155302
0.058681
-0.035860
-0.005925
-0.097881
-0.058704
0.008242
0.049737
0.018899
0.023476
-0.052101
0.084332
-0.091139
-0.023557
0.031689
0.043100
-0.053196
0.055363
0.050161
-0.064532
0.029618
0.080105
0.097600
0.084905
-0.036997
0.070529
-0.004803
0.027266
-0.002469
-0.082493
0.043617
0.070078
-0.085137
-1.253795
-2.274290
1.821844
-1.631263
1.834666
-1.544499
0.093623
-2.061007
-0.124718
-3.769203
-0.769990
-1.218030
0.974567
0.071633
1.279939
-0.403612
-1.286551
0.488435
-0.529079
-2.330005
0.369529
-0.436447
2.329872
0.701125
1.094016
0.877130
-1.388996
-0.456724
-1.244713
0.441759
0.395115
1.038544
-1.961882
-0.056309
-2.383478
-0.044287
-1.932784
-0.673164
-0.936151
0.392759
-1.130825
1.146892
1.393243
-0.554239
-3.279800
-1.732045
-1.589984
2.004591
1.926933
-3.337556
0.714767
1.846218
-1.453783
0.009439
-1.911198
-4.093738
-0.526042
-1.473961
-0.983923
0.523719
2.642715
0.959374
-2.710373
0.308853
1.487274
0.370186
-0.097192
-0.508985
-0.076768
-2.525788
0.576732
-1.183054
-0.025209
-1.419200
-1.137869
-1.736816
-1.244755
2.154398
-1.164749
-0.298315
-2.361505
-1.379362
2.142785
1.865511
1.721366
-2.636746
-0.190835
-0.586375
0.120215
-2.666833
-1.410734
-0.932820
-0.501497
-1.088993
0.908802
1.694440
-0.681853
2.042260
1.413523
-1.425899
-1.736840
-2.599286
-2.025902
-0.720191
-0.758093
2.082349
2.564929
-1.796147
-0.248067
-0.581952
-0.488445
1.882338
-1.582539
0.074351
-1.012299
-0.750765
-2.391658
0.197359
3.057600
-2.881291
-1.654937
2.646592
-0.227225
-2.423767
0.148657
-1.530233
-1.501309
-0.163591
1.009552
-2.213755
-1.636818
-0.610632
0.541280
1.060721
1.222661
-0.326584
2.666761
-3.037930
-1.917571
-0.253277
-0.301721
1.813201
-0.692200
-0.109132
-0.837105
-1.303034
-2.020655
-2.923312
-1.619748
-0.096017
-0.903325
1.850661
-1.838216
1.566857
1.199010
-1.763714
-1.193891
-0.895094
1.135145
-0.211950
-1.158421
0.724168
0.143168
2.567178
1.915441
-2.124359
-0.832126
-0.334616
0.870444
-3.470386
-0.794426
0.761843
0.076454
0.653801
0.422721
1.559150
-3.582336
-1.109873
1.589194
-1.136888
-1.130518
-1.908802
-1.846688
-2.082175
-1.188798
1.154591
-1.003924
-2.450455
-0.807802
1.453370
-3.229842
0.426850
0.816341
-3.133668
-2.048793
0.696389
-3.147341
0.450677
-1.897522
-0.423273
1.224789
-2.047997
1.283066
-1.428614
-1.588492
-0.147480
-1.003507
3.052383
-0.799239
-0.236976
-1.977468
-0.036529
-4.007855
-1.726060
-3.062098
-4.392634
1.080688
0.903206
0.294444
0.455793
-1.076571
-1.905831
-1.225235
0.513620
-1.741214
0.673517
0.207208
1.711969
0.420376
0.691115
-0.666546
1.873317
-1.218636
0.530688
-1.779356
0.572991
-0.364274
0.925754
-1.766306
0.136914
-0.631835
0.996517
-2.022530
-0.741194
1.273853
1.092328
1.024974
0.112292
-0.551103
0.420020
1.687685
-2.655149
-1.774825
-2.212957
-2.484598
-2.445312
-2.228214
0.748033
-2.490653
-4.173756
